cl_equal_4[[33, 32, 8, 30], [33, 32, 23, 29]]
[33, 32, 8, 30](vertex_list, fitness_v_community)([14, 15, 18, 20, 22, 29], 0.027659308986650297)
[32, 33, 8, 14, 15, 18, 20, 22, 29, 30]
(vertex_list, fitness_v_community)([26], 0.01699232212625576)
[32, 33, 8, 14, 15, 18, 20, 22, 26, 29, 30]
(vertex_list, fitness_v_community)([23], 0.0142008522182836)
[32, 33, 8, 14, 15, 18, 20, 22, 23, 26, 29, 30]
(vertex_list, fitness_v_community)([9, 19, 28], 0.007101080180034025)
[32, 33, 8, 9, 14, 15, 18, 19, 20, 22, 23, 26, 28, 29, 30]
(vertex_list, fitness_v_community)([31], 0.005231284701843197)
[32, 33, 8, 9, 14, 15, 18, 19, 20, 22, 23, 26, 28, 29, 30, 31]
(vertex_list, fitness_v_community)([25, 27], 0.01127914938854857)
[32, 33, 8, 9, 14, 15, 18, 19, 20, 22, 23, 25, 26, 27, 28, 29, 30, 31]
(vertex_list, fitness_v_community)([24], 0.014778139541597235)
[32, 33, 8, 9, 14, 15, 18, 19, 20, 22, 23, 24, 25, 26, 27, 28, 29, 30, 31]
(vertex_list, fitness_v_community)([2], -0.01087676585590619)
i = 0[32, 33, 8, 9, 14, 15, 18, 19, 20, 22, 23, 24, 25, 26, 27, 28, 29, 30, 31]
[33, 32, 23, 29](vertex_list, fitness_v_community)([14, 15, 18, 20, 22, 26], 0.032381566362248385)
[32, 33, 14, 15, 18, 20, 22, 23, 26, 29]
(vertex_list, fitness_v_community)([9, 28], 0.009402393880521553)
[32, 33, 9, 14, 15, 18, 20, 22, 23, 26, 28, 29]
(vertex_list, fitness_v_community)([27], -0.00021775917515792775)
i = 1[32, 33, 9, 14, 15, 18, 20, 22, 23, 26, 28, 29]
singal nodes:0
(vertex_list, fitness_v_community)([3, 4, 7, 10, 11, 12, 17, 21], 0.028063920566784955)
[0, 3, 4, 7, 10, 11, 12, 17, 21]
(vertex_list, fitness_v_community)([1], 0.050887177487205115)
[0, 1, 3, 4, 7, 10, 11, 12, 17, 21]
(vertex_list, fitness_v_community)([5, 6], 0.008173809621194683)
[0, 1, 3, 4, 5, 6, 7, 10, 11, 12, 17, 21]
(vertex_list, fitness_v_community)([16], 0.016467955373184517)
[0, 1, 3, 4, 5, 6, 7, 10, 11, 12, 16, 17, 21]
(vertex_list, fitness_v_community)([13], -0.008271945862413366)
get_nature_community(singal_node_Graph)[0, 1, 3, 4, 5, 6, 7, 10, 11, 12, 16, 17, 21]
(vertex_list, fitness_v_community)([3, 4, 7, 10, 11, 12, 17, 21], 0.028063920566784955)
[0, 3, 4, 7, 10, 11, 12, 17, 21]
(vertex_list, fitness_v_community)([1], 0.050887177487205115)
[0, 1, 3, 4, 7, 10, 11, 12, 17, 21]
(vertex_list, fitness_v_community)([5, 6], 0.008173809621194683)
[0, 1, 3, 4, 5, 6, 7, 10, 11, 12, 17, 21]
(vertex_list, fitness_v_community)([16], 0.016467955373184517)
[0, 1, 3, 4, 5, 6, 7, 10, 11, 12, 16, 17, 21]
(vertex_list, fitness_v_community)([13], -0.008271945862413366)
singal nodes:1
(vertex_list, fitness_v_community)([3, 7, 17, 21], 0.07393902542887566)
[0, 1, 3, 7, 17, 21]
(vertex_list, fitness_v_community)([12], 0.028355168618143745)
[0, 1, 3, 7, 12, 17, 21]
(vertex_list, fitness_v_community)([4, 10, 11], 0.013107109863145339)
[0, 1, 3, 4, 7, 10, 11, 12, 17, 21]
(vertex_list, fitness_v_community)([5, 6], 0.008173809621194683)
[0, 1, 3, 4, 5, 6, 7, 10, 11, 12, 17, 21]
(vertex_list, fitness_v_community)([16], 0.016467955373184517)
[0, 1, 3, 4, 5, 6, 7, 10, 11, 12, 16, 17, 21]
(vertex_list, fitness_v_community)([13], -0.008271945862413366)
get_nature_community(singal_node_Graph)[0, 1, 3, 4, 5, 6, 7, 10, 11, 12, 16, 17, 21]
(vertex_list, fitness_v_community)([3, 7, 17, 21], 0.07393902542887566)
[0, 1, 3, 7, 17, 21]
(vertex_list, fitness_v_community)([12], 0.028355168618143745)
[0, 1, 3, 7, 12, 17, 21]
(vertex_list, fitness_v_community)([4, 10, 11], 0.013107109863145339)
[0, 1, 3, 4, 7, 10, 11, 12, 17, 21]
(vertex_list, fitness_v_community)([5, 6], 0.008173809621194683)
[0, 1, 3, 4, 5, 6, 7, 10, 11, 12, 17, 21]
(vertex_list, fitness_v_community)([16], 0.016467955373184517)
[0, 1, 3, 4, 5, 6, 7, 10, 11, 12, 16, 17, 21]
(vertex_list, fitness_v_community)([13], -0.008271945862413366)
singal nodes:2
(vertex_list, fitness_v_community)([3, 7], 0.10975321246255834)
[0, 1, 2, 3, 7]
(vertex_list, fitness_v_community)([12, 17, 21], 0.024810444485893784)
[0, 1, 2, 3, 7, 12, 17, 21]
(vertex_list, fitness_v_community)([4, 10, 11], 0.009790477042740914)
[0, 1, 2, 3, 4, 7, 10, 11, 12, 17, 21]
(vertex_list, fitness_v_community)([5, 6], 0.006207310999574833)
[0, 1, 2, 3, 4, 5, 6, 7, 10, 11, 12, 17, 21]
(vertex_list, fitness_v_community)([16], 0.013387782629084632)
[0, 1, 2, 3, 4, 5, 6, 7, 10, 11, 12, 16, 17, 21]
(vertex_list, fitness_v_community)([13], -0.017825008908162965)
get_nature_community(singal_node_Graph)[0, 1, 2, 3, 4, 5, 6, 7, 10, 11, 12, 16, 17, 21]
(vertex_list, fitness_v_community)([3, 7], 0.10975321246255834)
[0, 1, 2, 3, 7]
(vertex_list, fitness_v_community)([12, 17, 21], 0.024810444485893784)
[0, 1, 2, 3, 7, 12, 17, 21]
(vertex_list, fitness_v_community)([4, 10, 11], 0.009790477042740914)
[0, 1, 2, 3, 4, 7, 10, 11, 12, 17, 21]
(vertex_list, fitness_v_community)([5, 6], 0.006207310999574833)
[0, 1, 2, 3, 4, 5, 6, 7, 10, 11, 12, 17, 21]
(vertex_list, fitness_v_community)([16], 0.013387782629084632)
[0, 1, 2, 3, 4, 5, 6, 7, 10, 11, 12, 16, 17, 21]
(vertex_list, fitness_v_community)([13], -0.017825008908162965)
singal nodes:3
(vertex_list, fitness_v_community)([7], 0.1667851899408165)
[0, 1, 2, 3, 7]
(vertex_list, fitness_v_community)([12, 17, 21], 0.024810444485893784)
[0, 1, 2, 3, 7, 12, 17, 21]
(vertex_list, fitness_v_community)([4, 10, 11], 0.009790477042740914)
[0, 1, 2, 3, 4, 7, 10, 11, 12, 17, 21]
(vertex_list, fitness_v_community)([5, 6], 0.006207310999574833)
[0, 1, 2, 3, 4, 5, 6, 7, 10, 11, 12, 17, 21]
(vertex_list, fitness_v_community)([16], 0.013387782629084632)
[0, 1, 2, 3, 4, 5, 6, 7, 10, 11, 12, 16, 17, 21]
(vertex_list, fitness_v_community)([13], -0.017825008908162965)
get_nature_community(singal_node_Graph)[0, 1, 2, 3, 4, 5, 6, 7, 10, 11, 12, 16, 17, 21]
(vertex_list, fitness_v_community)([7], 0.1667851899408165)
[0, 1, 2, 3, 7]
(vertex_list, fitness_v_community)([12, 17, 21], 0.024810444485893784)
[0, 1, 2, 3, 7, 12, 17, 21]
(vertex_list, fitness_v_community)([4, 10, 11], 0.009790477042740914)
[0, 1, 2, 3, 4, 7, 10, 11, 12, 17, 21]
(vertex_list, fitness_v_community)([5, 6], 0.006207310999574833)
[0, 1, 2, 3, 4, 5, 6, 7, 10, 11, 12, 17, 21]
(vertex_list, fitness_v_community)([16], 0.013387782629084632)
[0, 1, 2, 3, 4, 5, 6, 7, 10, 11, 12, 16, 17, 21]
(vertex_list, fitness_v_community)([13], -0.017825008908162965)
singal nodes:4
(vertex_list, fitness_v_community)([7], 0.1794681778539839)
[0, 1, 2, 3, 4, 7]
(vertex_list, fitness_v_community)([10, 12, 17, 21], 0.02373173678127355)
[0, 1, 2, 3, 4, 7, 10, 12, 17, 21]
(vertex_list, fitness_v_community)([11], 0.008671815331871557)
[0, 1, 2, 3, 4, 7, 10, 11, 12, 17, 21]
(vertex_list, fitness_v_community)([5, 6], 0.006207310999574833)
[0, 1, 2, 3, 4, 5, 6, 7, 10, 11, 12, 17, 21]
(vertex_list, fitness_v_community)([16], 0.013387782629084632)
[0, 1, 2, 3, 4, 5, 6, 7, 10, 11, 12, 16, 17, 21]
(vertex_list, fitness_v_community)([13], -0.017825008908162965)
get_nature_community(singal_node_Graph)[0, 1, 2, 3, 4, 5, 6, 7, 10, 11, 12, 16, 17, 21]
(vertex_list, fitness_v_community)([7], 0.1794681778539839)
[0, 1, 2, 3, 4, 7]
(vertex_list, fitness_v_community)([10, 12, 17, 21], 0.02373173678127355)
[0, 1, 2, 3, 4, 7, 10, 12, 17, 21]
(vertex_list, fitness_v_community)([11], 0.008671815331871557)
[0, 1, 2, 3, 4, 7, 10, 11, 12, 17, 21]
(vertex_list, fitness_v_community)([5, 6], 0.006207310999574833)
[0, 1, 2, 3, 4, 5, 6, 7, 10, 11, 12, 17, 21]
(vertex_list, fitness_v_community)([16], 0.013387782629084632)
[0, 1, 2, 3, 4, 5, 6, 7, 10, 11, 12, 16, 17, 21]
(vertex_list, fitness_v_community)([13], -0.017825008908162965)
singal nodes:5
(vertex_list, fitness_v_community)([7], 0.18369513283255057)
[0, 1, 2, 3, 4, 5, 7]
(vertex_list, fitness_v_community)([6, 10], 0.03244004249262569)
[0, 1, 2, 3, 4, 5, 6, 7, 10]
(vertex_list, fitness_v_community)([12, 16, 17, 21], 0.017342308306028037)
[0, 1, 2, 3, 4, 5, 6, 7, 10, 12, 16, 17, 21]
(vertex_list, fitness_v_community)([11], 0.006575222054631291)
[0, 1, 2, 3, 4, 5, 6, 7, 10, 11, 12, 16, 17, 21]
(vertex_list, fitness_v_community)([13], -0.017825008908162965)
get_nature_community(singal_node_Graph)[0, 1, 2, 3, 4, 5, 6, 7, 10, 11, 12, 16, 17, 21]
(vertex_list, fitness_v_community)([7], 0.18369513283255057)
[0, 1, 2, 3, 4, 5, 7]
(vertex_list, fitness_v_community)([6, 10], 0.03244004249262569)
[0, 1, 2, 3, 4, 5, 6, 7, 10]
(vertex_list, fitness_v_community)([12, 16, 17, 21], 0.017342308306028037)
[0, 1, 2, 3, 4, 5, 6, 7, 10, 12, 16, 17, 21]
(vertex_list, fitness_v_community)([11], 0.006575222054631291)
[0, 1, 2, 3, 4, 5, 6, 7, 10, 11, 12, 16, 17, 21]
(vertex_list, fitness_v_community)([13], -0.017825008908162965)
singal nodes:6
(vertex_list, fitness_v_community)([7], 0.21613517532517626)
[0, 1, 2, 3, 4, 5, 6, 7]
(vertex_list, fitness_v_community)([10], 0.028707170601858678)
[0, 1, 2, 3, 4, 5, 6, 7, 10]
(vertex_list, fitness_v_community)([12, 16, 17, 21], 0.017342308306028037)
[0, 1, 2, 3, 4, 5, 6, 7, 10, 12, 16, 17, 21]
(vertex_list, fitness_v_community)([11], 0.006575222054631291)
[0, 1, 2, 3, 4, 5, 6, 7, 10, 11, 12, 16, 17, 21]
(vertex_list, fitness_v_community)([13], -0.017825008908162965)
get_nature_community(singal_node_Graph)[0, 1, 2, 3, 4, 5, 6, 7, 10, 11, 12, 16, 17, 21]
(vertex_list, fitness_v_community)([7], 0.21613517532517626)
[0, 1, 2, 3, 4, 5, 6, 7]
(vertex_list, fitness_v_community)([10], 0.028707170601858678)
[0, 1, 2, 3, 4, 5, 6, 7, 10]
(vertex_list, fitness_v_community)([12, 16, 17, 21], 0.017342308306028037)
[0, 1, 2, 3, 4, 5, 6, 7, 10, 12, 16, 17, 21]
(vertex_list, fitness_v_community)([11], 0.006575222054631291)
[0, 1, 2, 3, 4, 5, 6, 7, 10, 11, 12, 16, 17, 21]
(vertex_list, fitness_v_community)([13], -0.017825008908162965)
singal nodes:7
(vertex_list, fitness_v_community)([10], 0.24484234592703494)
[0, 1, 2, 3, 4, 5, 6, 7, 10]
(vertex_list, fitness_v_community)([12, 16, 17, 21], 0.017342308306028037)
[0, 1, 2, 3, 4, 5, 6, 7, 10, 12, 16, 17, 21]
(vertex_list, fitness_v_community)([11], 0.006575222054631291)
[0, 1, 2, 3, 4, 5, 6, 7, 10, 11, 12, 16, 17, 21]
(vertex_list, fitness_v_community)([13], -0.017825008908162965)
get_nature_community(singal_node_Graph)[0, 1, 2, 3, 4, 5, 6, 7, 10, 11, 12, 16, 17, 21]
(vertex_list, fitness_v_community)([10], 0.24484234592703494)
[0, 1, 2, 3, 4, 5, 6, 7, 10]
(vertex_list, fitness_v_community)([12, 16, 17, 21], 0.017342308306028037)
[0, 1, 2, 3, 4, 5, 6, 7, 10, 12, 16, 17, 21]
(vertex_list, fitness_v_community)([11], 0.006575222054631291)
[0, 1, 2, 3, 4, 5, 6, 7, 10, 11, 12, 16, 17, 21]
(vertex_list, fitness_v_community)([13], -0.017825008908162965)
singal nodes:10
(vertex_list, fitness_v_community)([12, 16, 17, 21], 0.262184654233063)
[0, 1, 2, 3, 4, 5, 6, 7, 10, 12, 16, 17, 21]
(vertex_list, fitness_v_community)([11], 0.006575222054631291)
[0, 1, 2, 3, 4, 5, 6, 7, 10, 11, 12, 16, 17, 21]
(vertex_list, fitness_v_community)([13], -0.017825008908162965)
get_nature_community(singal_node_Graph)[0, 1, 2, 3, 4, 5, 6, 7, 10, 11, 12, 16, 17, 21]
(vertex_list, fitness_v_community)([12, 16, 17, 21], 0.262184654233063)
[0, 1, 2, 3, 4, 5, 6, 7, 10, 12, 16, 17, 21]
(vertex_list, fitness_v_community)([11], 0.006575222054631291)
[0, 1, 2, 3, 4, 5, 6, 7, 10, 11, 12, 16, 17, 21]
(vertex_list, fitness_v_community)([13], -0.017825008908162965)
singal nodes:11
(vertex_list, fitness_v_community)([12, 16, 17, 21], 0.2703706388115632)
[0, 1, 2, 3, 4, 5, 6, 7, 10, 11, 12, 16, 17, 21]
(vertex_list, fitness_v_community)([13], -0.017825008908162965)
get_nature_community(singal_node_Graph)[0, 1, 2, 3, 4, 5, 6, 7, 10, 11, 12, 16, 17, 21]
(vertex_list, fitness_v_community)([12, 16, 17, 21], 0.2703706388115632)
[0, 1, 2, 3, 4, 5, 6, 7, 10, 11, 12, 16, 17, 21]
(vertex_list, fitness_v_community)([13], -0.017825008908162965)
singal nodes:12
(vertex_list, fitness_v_community)([16, 17, 21], 0.2858504780115016)
[0, 1, 2, 3, 4, 5, 6, 7, 10, 11, 12, 16, 17, 21]
(vertex_list, fitness_v_community)([13], -0.017825008908162965)
get_nature_community(singal_node_Graph)[0, 1, 2, 3, 4, 5, 6, 7, 10, 11, 12, 16, 17, 21]
(vertex_list, fitness_v_community)([16, 17, 21], 0.2858504780115016)
[0, 1, 2, 3, 4, 5, 6, 7, 10, 11, 12, 16, 17, 21]
(vertex_list, fitness_v_community)([13], -0.017825008908162965)
singal nodes:13
(vertex_list, fitness_v_community)([8, 16, 17, 19, 21], 0.27278289675637607)
[0, 1, 2, 3, 4, 5, 6, 7, 8, 10, 11, 12, 13, 16, 17, 19, 21]
(vertex_list, fitness_v_community)([30], 0.009368563554403742)
[0, 1, 2, 3, 4, 5, 6, 7, 8, 10, 11, 12, 13, 16, 17, 19, 21, 30]
(vertex_list, fitness_v_community)([9, 28], 0.004489834230104739)
[0, 1, 2, 3, 4, 5, 6, 7, 8, 9, 10, 11, 12, 13, 16, 17, 19, 21, 28, 30]
(vertex_list, fitness_v_community)([31], -0.00800980435135279)
get_nature_community(singal_node_Graph)[0, 1, 2, 3, 4, 5, 6, 7, 8, 9, 10, 11, 12, 13, 16, 17, 19, 21, 28, 30]
(vertex_list, fitness_v_community)([8, 16, 17, 19, 21], 0.27278289675637607)
[0, 1, 2, 3, 4, 5, 6, 7, 8, 10, 11, 12, 13, 16, 17, 19, 21]
(vertex_list, fitness_v_community)([30], 0.009368563554403742)
[0, 1, 2, 3, 4, 5, 6, 7, 8, 10, 11, 12, 13, 16, 17, 19, 21, 30]
(vertex_list, fitness_v_community)([9, 28], 0.004489834230104739)
[0, 1, 2, 3, 4, 5, 6, 7, 8, 9, 10, 11, 12, 13, 16, 17, 19, 21, 28, 30]
(vertex_list, fitness_v_community)([31], -0.00800980435135279)
singal nodes:16
(vertex_list, fitness_v_community)([8, 17, 19, 21], 0.2846379810553713)
[0, 1, 2, 3, 4, 5, 6, 7, 8, 10, 11, 12, 13, 16, 17, 19, 21]
(vertex_list, fitness_v_community)([30], 0.009368563554403742)
[0, 1, 2, 3, 4, 5, 6, 7, 8, 10, 11, 12, 13, 16, 17, 19, 21, 30]
(vertex_list, fitness_v_community)([9, 28], 0.004489834230104739)
[0, 1, 2, 3, 4, 5, 6, 7, 8, 9, 10, 11, 12, 13, 16, 17, 19, 21, 28, 30]
(vertex_list, fitness_v_community)([31], -0.00800980435135279)
get_nature_community(singal_node_Graph)[0, 1, 2, 3, 4, 5, 6, 7, 8, 9, 10, 11, 12, 13, 16, 17, 19, 21, 28, 30]
(vertex_list, fitness_v_community)([8, 17, 19, 21], 0.2846379810553713)
[0, 1, 2, 3, 4, 5, 6, 7, 8, 10, 11, 12, 13, 16, 17, 19, 21]
(vertex_list, fitness_v_community)([30], 0.009368563554403742)
[0, 1, 2, 3, 4, 5, 6, 7, 8, 10, 11, 12, 13, 16, 17, 19, 21, 30]
(vertex_list, fitness_v_community)([9, 28], 0.004489834230104739)
[0, 1, 2, 3, 4, 5, 6, 7, 8, 9, 10, 11, 12, 13, 16, 17, 19, 21, 28, 30]
(vertex_list, fitness_v_community)([31], -0.00800980435135279)
singal nodes:17
(vertex_list, fitness_v_community)([8, 19, 21], 0.29579685218601065)
[0, 1, 2, 3, 4, 5, 6, 7, 8, 10, 11, 12, 13, 16, 17, 19, 21]
(vertex_list, fitness_v_community)([30], 0.009368563554403742)
[0, 1, 2, 3, 4, 5, 6, 7, 8, 10, 11, 12, 13, 16, 17, 19, 21, 30]
(vertex_list, fitness_v_community)([9, 28], 0.004489834230104739)
[0, 1, 2, 3, 4, 5, 6, 7, 8, 9, 10, 11, 12, 13, 16, 17, 19, 21, 28, 30]
(vertex_list, fitness_v_community)([31], -0.00800980435135279)
get_nature_community(singal_node_Graph)[0, 1, 2, 3, 4, 5, 6, 7, 8, 9, 10, 11, 12, 13, 16, 17, 19, 21, 28, 30]
(vertex_list, fitness_v_community)([8, 19, 21], 0.29579685218601065)
[0, 1, 2, 3, 4, 5, 6, 7, 8, 10, 11, 12, 13, 16, 17, 19, 21]
(vertex_list, fitness_v_community)([30], 0.009368563554403742)
[0, 1, 2, 3, 4, 5, 6, 7, 8, 10, 11, 12, 13, 16, 17, 19, 21, 30]
(vertex_list, fitness_v_community)([9, 28], 0.004489834230104739)
[0, 1, 2, 3, 4, 5, 6, 7, 8, 9, 10, 11, 12, 13, 16, 17, 19, 21, 28, 30]
(vertex_list, fitness_v_community)([31], -0.00800980435135279)
singal nodes:21
(vertex_list, fitness_v_community)([8, 19], 0.30631250642182595)
[0, 1, 2, 3, 4, 5, 6, 7, 8, 10, 11, 12, 13, 16, 17, 19, 21]
(vertex_list, fitness_v_community)([30], 0.009368563554403742)
[0, 1, 2, 3, 4, 5, 6, 7, 8, 10, 11, 12, 13, 16, 17, 19, 21, 30]
(vertex_list, fitness_v_community)([9, 28], 0.004489834230104739)
[0, 1, 2, 3, 4, 5, 6, 7, 8, 9, 10, 11, 12, 13, 16, 17, 19, 21, 28, 30]
(vertex_list, fitness_v_community)([31], -0.00800980435135279)
get_nature_community(singal_node_Graph)[0, 1, 2, 3, 4, 5, 6, 7, 8, 9, 10, 11, 12, 13, 16, 17, 19, 21, 28, 30]
(vertex_list, fitness_v_community)([8, 19], 0.30631250642182595)
[0, 1, 2, 3, 4, 5, 6, 7, 8, 10, 11, 12, 13, 16, 17, 19, 21]
(vertex_list, fitness_v_community)([30], 0.009368563554403742)
[0, 1, 2, 3, 4, 5, 6, 7, 8, 10, 11, 12, 13, 16, 17, 19, 21, 30]
(vertex_list, fitness_v_community)([9, 28], 0.004489834230104739)
[0, 1, 2, 3, 4, 5, 6, 7, 8, 9, 10, 11, 12, 13, 16, 17, 19, 21, 28, 30]
(vertex_list, fitness_v_community)([31], -0.00800980435135279)
++++++++++++++++++++++
[32, 33, 8, 9, 14, 15, 18, 19, 20, 22, 23, 24, 25, 26, 27, 28, 29, 30, 31][32, 33, 9, 14, 15, 18, 20, 22, 23, 26, 28, 29][0, 1, 3, 4, 5, 6, 7, 10, 11, 12, 16, 17, 21][0, 1, 2, 3, 4, 5, 6, 7, 10, 11, 12, 16, 17, 21][0, 1, 2, 3, 4, 5, 6, 7, 8, 9, 10, 11, 12, 13, 16, 17, 19, 21, 28, 30]eeeeeeeeeeeeeeeeeeeeee
++++++++++++++++++++++++++++++
[32, 33, 8, 9, 14, 15, 18, 19, 20, 22, 23, 24, 25, 26, 27, 28, 29, 30, 31][32, 33, 9, 14, 15, 18, 20, 22, 23, 26, 28, 29][0, 1, 3, 4, 5, 6, 7, 10, 11, 12, 16, 17, 21][0, 1, 2, 3, 4, 5, 6, 7, 10, 11, 12, 16, 17, 21]++++++++++++++++++++++++++++++end
0[32, 33, 8, 9, 14, 15, 18, 19, 20, 22, 23, 24, 25, 26, 27, 28, 29, 30, 31]
1[32, 33, 9, 14, 15, 18, 20, 22, 23, 26, 28, 29]
cod:0.698947368421merge:[32, 33, 8, 9, 14, 15, 18, 19, 20, 22, 23, 24, 25, 26, 27, 28, 29, 30, 31]
!c_end!end!!!!!!!!!!!!!!!!!!!!
pop communities  y   !!!!!!!!!!!!!
[32, 33, 8, 9, 14, 15, 18, 19, 20, 22, 23, 24, 25, 26, 27, 28, 29, 30, 31][0, 1, 3, 4, 5, 6, 7, 10, 11, 12, 16, 17, 21][0, 1, 2, 3, 4, 5, 6, 7, 10, 11, 12, 16, 17, 21][0, 1, 2, 3, 4, 5, 6, 7, 8, 9, 10, 11, 12, 13, 16, 17, 19, 21, 28, 30]!c_end!end!!!!!!!!!!!!!!!!!!!!
1[0, 1, 3, 4, 5, 6, 7, 10, 11, 12, 16, 17, 21]
2[0, 1, 2, 3, 4, 5, 6, 7, 10, 11, 12, 16, 17, 21]
cod:0.917142857143merge:[0, 1, 2, 3, 4, 5, 6, 7, 10, 11, 12, 16, 17, 21]
pop communities  x   !!!!!!!!!!!!!
[32, 33, 8, 9, 14, 15, 18, 19, 20, 22, 23, 24, 25, 26, 27, 28, 29, 30, 31][0, 1, 2, 3, 4, 5, 6, 7, 10, 11, 12, 16, 17, 21][0, 1, 2, 3, 4, 5, 6, 7, 8, 9, 10, 11, 12, 13, 16, 17, 19, 21, 28, 30]!c_end!end!!!!!!!!!!!!!!!!!!!!
0[32, 33, 8, 9, 14, 15, 18, 19, 20, 22, 23, 24, 25, 26, 27, 28, 29, 30, 31]
1[0, 1, 2, 3, 4, 5, 6, 7, 10, 11, 12, 16, 17, 21]
cod:0.30[32, 33, 8, 9, 14, 15, 18, 19, 20, 22, 23, 24, 25, 26, 27, 28, 29, 30, 31]
2[0, 1, 2, 3, 4, 5, 6, 7, 8, 9, 10, 11, 12, 13, 16, 17, 19, 21, 28, 30]
cod:0.2882352941181[0, 1, 2, 3, 4, 5, 6, 7, 10, 11, 12, 16, 17, 21]
2[0, 1, 2, 3, 4, 5, 6, 7, 8, 9, 10, 11, 12, 13, 16, 17, 19, 21, 28, 30]
cod:0.58merge:[0, 1, 2, 3, 4, 5, 6, 7, 8, 9, 10, 11, 12, 13, 16, 17, 19, 21, 28, 30]
pop communities  x   !!!!!!!!!!!!!
[32, 33, 8, 9, 14, 15, 18, 19, 20, 22, 23, 24, 25, 26, 27, 28, 29, 30, 31][0, 1, 2, 3, 4, 5, 6, 7, 8, 9, 10, 11, 12, 13, 16, 17, 19, 21, 28, 30]!c_end!end!!!!!!!!!!!!!!!!!!!!
0[32, 33, 8, 9, 14, 15, 18, 19, 20, 22, 23, 24, 25, 26, 27, 28, 29, 30, 31]
1[0, 1, 2, 3, 4, 5, 6, 7, 8, 9, 10, 11, 12, 13, 16, 17, 19, 21, 28, 30]
cod:0.288235294118!!!!!!!!!!!!!final
[32, 33, 8, 9, 14, 15, 18, 19, 20, 22, 23, 24, 25, 26, 27, 28, 29, 30, 31][0, 1, 2, 3, 4, 5, 6, 7, 8, 9, 10, 11, 12, 13, 16, 17, 19, 21, 28, 30]!c_end!end
!!!!!!!!!!!!!final
[32, 33, 8, 9, 14, 15, 18, 19, 20, 22, 23, 24, 25, 26, 27, 28, 29, 30, 31][0, 1, 2, 3, 4, 5, 6, 7, 8, 9, 10, 11, 12, 13, 16, 17, 19, 21, 28, 30]!c_end!end
!!!!!!!!!!!!!final
[32, 33, 8, 9, 14, 15, 18, 19, 20, 22, 23, 24, 25, 26, 27, 28, 29, 30, 31][0, 1, 2, 3, 4, 5, 6, 7, 8, 9, 10, 11, 12, 13, 16, 17, 19, 21, 28, 30]!c_end!end
----------------------------------
[32, 33, 8, 9, 14, 15, 18, 19, 20, 22, 23, 24, 25, 26, 27, 28, 29, 30, 31][0, 1, 2, 3, 4, 5, 6, 7, 8, 9, 10, 11, 12, 13, 16, 17, 19, 21, 28, 30]----------------------------------end
overlapping nodes are: ------------
[8, 9, 19, 28, 30]----------------------------------end
