seeds[[15, 16, 19, 21, 23, 32, 33, 34], [1, 2, 3, 4, 8, 14], [1, 2, 18, 20, 22], [1, 5, 6, 7, 11], [9, 31, 33, 34], [24, 30, 33, 34], [1, 6, 7], [1, 3, 9], [1, 4, 13], [3, 9, 33], [6, 7, 17], [25, 26, 32], [27, 30, 34], [24, 28, 34], [29, 32, 34]]
[15, 16, 19, 21, 23, 32, 33, 34](vertex, fitness_v_community)(9, 0.04996096799375488)
[32, 33, 34, 9, 15, 16, 19, 21, 23]
(vertex, fitness_v_community)(24, 0.04688644688644694)
[32, 33, 34, 9, 15, 16, 19, 21, 23, 24]
(vertex, fitness_v_community)(30, 0.06515837104072397)
[32, 33, 34, 9, 15, 16, 19, 21, 23, 24, 30]
(vertex, fitness_v_community)(26, 0.04033613445378148)
[32, 33, 34, 9, 15, 16, 19, 21, 23, 24, 26, 30]
(vertex, fitness_v_community)(25, 0.03809523809523807)
[32, 33, 34, 9, 15, 16, 19, 21, 23, 24, 25, 26, 30]
(vertex, fitness_v_community)(28, 0.053333333333333344)
[32, 33, 34, 9, 15, 16, 19, 21, 23, 24, 25, 26, 28, 30]
(vertex, fitness_v_community)(27, 0.0332467532467533)
[32, 33, 34, 9, 15, 16, 19, 21, 23, 24, 25, 26, 27, 28, 30]
(vertex, fitness_v_community)(29, 0.03156337333552517)
[32, 33, 34, 9, 15, 16, 19, 21, 23, 24, 25, 26, 27, 28, 29, 30]
(vertex, fitness_v_community)(10, 0.0151898734177216)
[32, 33, 34, 9, 10, 15, 16, 19, 21, 23, 24, 25, 26, 27, 28, 29, 30]
(vertex, fitness_v_community)(31, -0.00454545454545463)
i = 0[32, 33, 34, 9, 10, 15, 16, 19, 21, 23, 24, 25, 26, 27, 28, 29, 30]
[1, 2, 3, 4, 8, 14](vertex, fitness_v_community)(9, 0.045857668180834976)
[1, 2, 3, 4, 8, 9, 14]
(vertex, fitness_v_community)(13, 0.04327413757909776)
[1, 2, 3, 4, 8, 9, 13, 14]
(vertex, fitness_v_community)(18, 0.04090295195832527)
[1, 2, 3, 4, 8, 9, 13, 14, 18]
(vertex, fitness_v_community)(20, 0.038721461187214645)
[1, 2, 3, 4, 8, 9, 13, 14, 18, 20]
(vertex, fitness_v_community)(22, 0.03670995670995669)
[1, 2, 3, 4, 8, 9, 13, 14, 18, 20, 22]
(vertex, fitness_v_community)(31, 0.034851224724642416)
[1, 2, 3, 4, 8, 9, 13, 14, 18, 20, 22, 31]
(vertex, fitness_v_community)(5, 0.016772151898734267)
[1, 2, 3, 4, 5, 8, 9, 13, 14, 18, 20, 22, 31]
(vertex, fitness_v_community)(11, 0.032317073170731625)
[1, 2, 3, 4, 5, 8, 9, 11, 13, 14, 18, 20, 22, 31]
(vertex, fitness_v_community)(10, 0.015574493094328568)
[1, 2, 3, 4, 5, 8, 9, 10, 11, 13, 14, 18, 20, 22, 31]
(vertex, fitness_v_community)(12, 0.0152036718301779)
[1, 2, 3, 4, 5, 8, 9, 10, 11, 12, 13, 14, 18, 20, 22, 31]
(vertex, fitness_v_community)(29, 0.014845938375350087)
[1, 2, 3, 4, 5, 8, 9, 10, 11, 12, 13, 14, 18, 20, 22, 29, 31]
(vertex, fitness_v_community)(6, 0.011103767349636473)
[1, 2, 3, 4, 5, 6, 8, 9, 10, 11, 12, 13, 14, 18, 20, 22, 29, 31]
(vertex, fitness_v_community)(7, 0.04030288226673184)
[1, 2, 3, 4, 5, 6, 7, 8, 9, 10, 11, 12, 13, 14, 18, 20, 22, 29, 31]
(vertex, fitness_v_community)(17, 0.025439407955596627)
[1, 2, 3, 4, 5, 6, 7, 8, 9, 10, 11, 12, 13, 14, 17, 18, 20, 22, 29, 31]
(vertex, fitness_v_community)(32, -0.009787234042553217)
i = 1[1, 2, 3, 4, 5, 6, 7, 8, 9, 10, 11, 12, 13, 14, 17, 18, 20, 22, 29, 31]
[1, 2, 18, 20, 22](vertex, fitness_v_community)(4, 0.0683333333333333)
[1, 2, 4, 18, 20, 22]
(vertex, fitness_v_community)(8, 0.0928301886792453)
[1, 2, 4, 8, 18, 20, 22]
(vertex, fitness_v_community)(14, 0.0828840970350404)
[1, 2, 4, 8, 14, 18, 20, 22]
(vertex, fitness_v_community)(13, 0.05049261083743839)
[1, 2, 4, 8, 13, 14, 18, 20, 22]
(vertex, fitness_v_community)(5, 0.02396259497369968)
[1, 2, 4, 5, 8, 13, 14, 18, 20, 22]
(vertex, fitness_v_community)(11, 0.04556821339260897)
[1, 2, 4, 5, 8, 11, 13, 14, 18, 20, 22]
(vertex, fitness_v_community)(12, 0.021681649920676893)
[1, 2, 4, 5, 8, 11, 12, 13, 14, 18, 20, 22]
(vertex, fitness_v_community)(6, 0.019550342130987386)
[1, 2, 4, 5, 6, 8, 11, 12, 13, 14, 18, 20, 22]
(vertex, fitness_v_community)(7, 0.0566534914361001)
[1, 2, 4, 5, 6, 7, 8, 11, 12, 13, 14, 18, 20, 22]
(vertex, fitness_v_community)(17, 0.035109205960400014)
[1, 2, 4, 5, 6, 7, 8, 11, 12, 13, 14, 17, 18, 20, 22]
(vertex, fitness_v_community)(9, -0.035485641119443856)
i = 2[1, 2, 4, 5, 6, 7, 8, 11, 12, 13, 14, 17, 18, 20, 22]
[1, 5, 6, 7, 11](vertex, fitness_v_community)(17, 0.07114624505928852)
[1, 5, 6, 7, 11, 17]
(vertex, fitness_v_community)(4, 0.03330249768732657)
[1, 4, 5, 6, 7, 11, 17]
(vertex, fitness_v_community)(8, 0.06252713851498048)
[1, 4, 5, 6, 7, 8, 11, 17]
(vertex, fitness_v_community)(2, 0.06198034769463334)
[1, 2, 4, 5, 6, 7, 8, 11, 17]
(vertex, fitness_v_community)(13, 0.050264550264550345)
[1, 2, 4, 5, 6, 7, 8, 11, 13, 17]
(vertex, fitness_v_community)(18, 0.046798029556650245)
[1, 2, 4, 5, 6, 7, 8, 11, 13, 17, 18]
(vertex, fitness_v_community)(22, 0.04367816091954013)
[1, 2, 4, 5, 6, 7, 8, 11, 13, 17, 18, 22]
(vertex, fitness_v_community)(12, 0.020765027322404372)
[1, 2, 4, 5, 6, 7, 8, 11, 12, 13, 17, 18, 22]
(vertex, fitness_v_community)(14, -0.0004751722499405364)
i = 3[1, 2, 4, 5, 6, 7, 8, 11, 12, 13, 17, 18, 22]
[9, 31, 33, 34](vertex, fitness_v_community)(15, 0.06349206349206349)
[9, 34, 31, 33, 15]
(vertex, fitness_v_community)(16, 0.059113300492610876)
[33, 34, 9, 15, 16, 31]
(vertex, fitness_v_community)(19, 0.05517241379310345)
[33, 34, 9, 15, 16, 19, 31]
(vertex, fitness_v_community)(21, 0.05161290322580642)
[33, 34, 9, 15, 16, 19, 21, 31]
(vertex, fitness_v_community)(23, 0.04838709677419356)
[33, 34, 9, 15, 16, 19, 21, 23, 31]
(vertex, fitness_v_community)(30, 0.045454545454545414)
[33, 34, 9, 15, 16, 19, 21, 23, 30, 31]
(vertex, fitness_v_community)(24, 0.04609475032010246)
[33, 34, 9, 15, 16, 19, 21, 23, 24, 30, 31]
(vertex, fitness_v_community)(27, 0.03858769052672195)
[33, 34, 9, 15, 16, 19, 21, 23, 24, 27, 30, 31]
(vertex, fitness_v_community)(10, 0.018511662347278857)
[33, 34, 9, 10, 15, 16, 19, 21, 23, 24, 27, 30, 31]
(vertex, fitness_v_community)(20, 0.018018018018017945)
[33, 34, 9, 10, 15, 16, 19, 20, 21, 23, 24, 27, 30, 31]
(vertex, fitness_v_community)(29, 0.01754385964912286)
[33, 34, 9, 10, 15, 16, 19, 20, 21, 23, 24, 27, 29, 30, 31]
(vertex, fitness_v_community)(32, 0.023106546854942178)
[32, 33, 34, 9, 10, 15, 16, 19, 20, 21, 23, 24, 27, 29, 30, 31]
(vertex, fitness_v_community)(26, 0.030778164924506468)
[32, 33, 34, 9, 10, 15, 16, 19, 20, 21, 23, 24, 26, 27, 29, 30, 31]
(vertex, fitness_v_community)(25, 0.029346622369878173)
[32, 33, 34, 9, 10, 15, 16, 19, 20, 21, 23, 24, 25, 26, 27, 29, 30, 31]
(vertex, fitness_v_community)(28, 0.04154690357982749)
[32, 33, 34, 9, 10, 15, 16, 19, 20, 21, 23, 24, 25, 26, 27, 28, 29, 30, 31]
(vertex, fitness_v_community)(3, -0.005067195417492787)
i = 4[32, 33, 34, 9, 10, 15, 16, 19, 20, 21, 23, 24, 25, 26, 27, 28, 29, 30, 31]
[24, 30, 33, 34](vertex, fitness_v_community)(15, 0.07246376811594202)
[24, 33, 34, 30, 15]
(vertex, fitness_v_community)(16, 0.06666666666666671)
[33, 34, 15, 16, 24, 30]
(vertex, fitness_v_community)(19, 0.06153846153846154)
[33, 34, 15, 16, 19, 24, 30]
(vertex, fitness_v_community)(21, 0.056980056980056926)
[33, 34, 15, 16, 19, 21, 24, 30]
(vertex, fitness_v_community)(23, 0.05291005291005291)
[33, 34, 15, 16, 19, 21, 23, 24, 30]
(vertex, fitness_v_community)(27, 0.049261083743842415)
[33, 34, 15, 16, 19, 21, 23, 24, 27, 30]
(vertex, fitness_v_community)(10, 0.02337814143775563)
[33, 34, 10, 15, 16, 19, 21, 23, 24, 27, 30]
(vertex, fitness_v_community)(29, 0.02259887005649719)
[33, 34, 10, 15, 16, 19, 21, 23, 24, 27, 29, 30]
(vertex, fitness_v_community)(28, 0.010256410256410331)
[33, 34, 10, 15, 16, 19, 21, 23, 24, 27, 28, 29, 30]
(vertex, fitness_v_community)(25, 0.020046620046620056)
[33, 34, 10, 15, 16, 19, 21, 23, 24, 25, 27, 28, 29, 30]
(vertex, fitness_v_community)(26, 0.03832442067736186)
[33, 34, 10, 15, 16, 19, 21, 23, 24, 25, 26, 27, 28, 29, 30]
(vertex, fitness_v_community)(32, 0.0339366515837104)
[32, 33, 34, 10, 15, 16, 19, 21, 23, 24, 25, 26, 27, 28, 29, 30]
(vertex, fitness_v_community)(9, 0.03076923076923077)
[32, 33, 34, 9, 10, 15, 16, 19, 21, 23, 24, 25, 26, 27, 28, 29, 30]
(vertex, fitness_v_community)(31, -0.00454545454545463)
i = 5[32, 33, 34, 9, 10, 15, 16, 19, 21, 23, 24, 25, 26, 27, 28, 29, 30]
[1, 6, 7](vertex, fitness_v_community)(5, 0.09005628517823638)
[1, 5, 6, 7]
(vertex, fitness_v_community)(11, 0.11973392461197341)
[1, 11, 5, 6, 7]
(vertex, fitness_v_community)(17, 0.07114624505928852)
[1, 5, 6, 7, 11, 17]
(vertex, fitness_v_community)(4, 0.03330249768732657)
[1, 4, 5, 6, 7, 11, 17]
(vertex, fitness_v_community)(8, 0.06252713851498048)
[1, 4, 5, 6, 7, 8, 11, 17]
(vertex, fitness_v_community)(2, 0.06198034769463334)
[1, 2, 4, 5, 6, 7, 8, 11, 17]
(vertex, fitness_v_community)(13, 0.050264550264550345)
[1, 2, 4, 5, 6, 7, 8, 11, 13, 17]
(vertex, fitness_v_community)(18, 0.046798029556650245)
[1, 2, 4, 5, 6, 7, 8, 11, 13, 17, 18]
(vertex, fitness_v_community)(22, 0.04367816091954013)
[1, 2, 4, 5, 6, 7, 8, 11, 13, 17, 18, 22]
(vertex, fitness_v_community)(12, 0.020765027322404372)
[1, 2, 4, 5, 6, 7, 8, 11, 12, 13, 17, 18, 22]
(vertex, fitness_v_community)(14, -0.0004751722499405364)
i = 6[1, 2, 4, 5, 6, 7, 8, 11, 12, 13, 17, 18, 22]
[1, 3, 9](vertex, fitness_v_community)(2, 0.06527093596059115)
[1, 2, 3, 9]
(vertex, fitness_v_community)(4, 0.08988128886376484)
[1, 2, 3, 4, 9]
(vertex, fitness_v_community)(8, 0.10693568726355612)
[1, 2, 3, 4, 8, 9]
(vertex, fitness_v_community)(14, 0.09453734671125974)
[1, 2, 3, 4, 8, 9, 14]
(vertex, fitness_v_community)(13, 0.04327413757909776)
[1, 2, 3, 4, 8, 9, 13, 14]
(vertex, fitness_v_community)(18, 0.04090295195832527)
[1, 2, 3, 4, 8, 9, 13, 14, 18]
(vertex, fitness_v_community)(20, 0.038721461187214645)
[1, 2, 3, 4, 8, 9, 13, 14, 18, 20]
(vertex, fitness_v_community)(22, 0.03670995670995669)
[1, 2, 3, 4, 8, 9, 13, 14, 18, 20, 22]
(vertex, fitness_v_community)(31, 0.034851224724642416)
[1, 2, 3, 4, 8, 9, 13, 14, 18, 20, 22, 31]
(vertex, fitness_v_community)(5, 0.016772151898734267)
[1, 2, 3, 4, 5, 8, 9, 13, 14, 18, 20, 22, 31]
(vertex, fitness_v_community)(11, 0.032317073170731625)
[1, 2, 3, 4, 5, 8, 9, 11, 13, 14, 18, 20, 22, 31]
(vertex, fitness_v_community)(10, 0.015574493094328568)
[1, 2, 3, 4, 5, 8, 9, 10, 11, 13, 14, 18, 20, 22, 31]
(vertex, fitness_v_community)(12, 0.0152036718301779)
[1, 2, 3, 4, 5, 8, 9, 10, 11, 12, 13, 14, 18, 20, 22, 31]
(vertex, fitness_v_community)(29, 0.014845938375350087)
[1, 2, 3, 4, 5, 8, 9, 10, 11, 12, 13, 14, 18, 20, 22, 29, 31]
(vertex, fitness_v_community)(6, 0.011103767349636473)
[1, 2, 3, 4, 5, 6, 8, 9, 10, 11, 12, 13, 14, 18, 20, 22, 29, 31]
(vertex, fitness_v_community)(7, 0.04030288226673184)
[1, 2, 3, 4, 5, 6, 7, 8, 9, 10, 11, 12, 13, 14, 18, 20, 22, 29, 31]
(vertex, fitness_v_community)(17, 0.025439407955596627)
[1, 2, 3, 4, 5, 6, 7, 8, 9, 10, 11, 12, 13, 14, 17, 18, 20, 22, 29, 31]
(vertex, fitness_v_community)(32, -0.009787234042553217)
i = 7[1, 2, 3, 4, 5, 6, 7, 8, 9, 10, 11, 12, 13, 14, 17, 18, 20, 22, 29, 31]
[1, 4, 13](vertex, fitness_v_community)(8, 0.09424809424809422)
[8, 1, 4, 13]
(vertex, fitness_v_community)(2, 0.10722610722610726)
[8, 1, 2, 4, 13]
(vertex, fitness_v_community)(18, 0.07114624505928852)
[1, 2, 4, 8, 13, 18]
(vertex, fitness_v_community)(22, 0.06521739130434784)
[1, 2, 4, 8, 13, 18, 22]
(vertex, fitness_v_community)(14, 0.0357142857142857)
[1, 2, 4, 8, 13, 14, 18, 22]
(vertex, fitness_v_community)(20, 0.05049261083743839)
[1, 2, 4, 8, 13, 14, 18, 20, 22]
(vertex, fitness_v_community)(5, 0.02396259497369968)
[1, 2, 4, 5, 8, 13, 14, 18, 20, 22]
(vertex, fitness_v_community)(11, 0.04556821339260897)
[1, 2, 4, 5, 8, 11, 13, 14, 18, 20, 22]
(vertex, fitness_v_community)(12, 0.021681649920676893)
[1, 2, 4, 5, 8, 11, 12, 13, 14, 18, 20, 22]
(vertex, fitness_v_community)(6, 0.019550342130987386)
[1, 2, 4, 5, 6, 8, 11, 12, 13, 14, 18, 20, 22]
(vertex, fitness_v_community)(7, 0.0566534914361001)
[1, 2, 4, 5, 6, 7, 8, 11, 12, 13, 14, 18, 20, 22]
(vertex, fitness_v_community)(17, 0.035109205960400014)
[1, 2, 4, 5, 6, 7, 8, 11, 12, 13, 14, 17, 18, 20, 22]
(vertex, fitness_v_community)(9, -0.035485641119443856)
i = 8[1, 2, 4, 5, 6, 7, 8, 11, 12, 13, 14, 17, 18, 20, 22]
[3, 9, 33](vertex, fitness_v_community)(31, 0.06746031746031747)
[9, 3, 33, 31]
(vertex, fitness_v_community)(34, 0.07142857142857142)
[9, 34, 3, 33, 31]
(vertex, fitness_v_community)(10, 0.05303030303030304)
[33, 34, 3, 9, 10, 31]
(vertex, fitness_v_community)(14, 0.04991087344028522)
[33, 34, 3, 9, 10, 14, 31]
(vertex, fitness_v_community)(2, 0.047058823529411764)
[33, 2, 3, 9, 10, 34, 14, 31]
(vertex, fitness_v_community)(4, 0.04999999999999999)
[33, 34, 3, 4, 9, 10, 2, 14, 31]
(vertex, fitness_v_community)(8, 0.05602409638554212)
[33, 34, 3, 4, 8, 9, 10, 2, 14, 31]
(vertex, fitness_v_community)(1, 0.04499631177772312)
[33, 34, 3, 4, 1, 8, 9, 10, 2, 14, 31]
(vertex, fitness_v_community)(20, 0.04303899777732878)
[33, 34, 3, 4, 1, 8, 9, 10, 2, 14, 20, 31]
(vertex, fitness_v_community)(13, 0.027299817360376788)
[33, 34, 3, 4, 1, 8, 9, 10, 2, 14, 13, 20, 31]
(vertex, fitness_v_community)(15, 0.02625982431807683)
[33, 34, 3, 4, 1, 8, 9, 10, 2, 14, 13, 20, 15, 31]
(vertex, fitness_v_community)(16, 0.025278148642634557)
[33, 34, 3, 4, 1, 8, 9, 10, 2, 14, 13, 16, 20, 15, 31]
(vertex, fitness_v_community)(18, 0.02435051016033618)
[33, 34, 3, 4, 1, 8, 9, 10, 2, 14, 13, 16, 18, 20, 15, 31]
(vertex, fitness_v_community)(19, 0.0234730142987023)
[33, 34, 3, 4, 1, 8, 9, 10, 2, 14, 13, 16, 18, 19, 20, 15, 31]
(vertex, fitness_v_community)(21, 0.022642111137686438)
[33, 34, 3, 4, 1, 8, 9, 10, 2, 14, 13, 16, 18, 19, 20, 21, 15, 31]
(vertex, fitness_v_community)(22, 0.021854559445940724)
[33, 34, 3, 4, 1, 8, 9, 10, 2, 14, 13, 16, 18, 19, 20, 21, 22, 15, 31]
(vertex, fitness_v_community)(23, 0.021107395020438458)
[33, 34, 3, 4, 1, 8, 9, 10, 2, 14, 13, 16, 18, 19, 20, 21, 22, 23, 15, 31]
(vertex, fitness_v_community)(29, 0.020397902750843966)
[33, 34, 3, 4, 1, 8, 9, 10, 2, 14, 13, 16, 18, 19, 20, 21, 22, 23, 15, 29, 31]
(vertex, fitness_v_community)(30, 0.019723591916105288)
[1, 2, 3, 4, 8, 9, 10, 13, 14, 15, 16, 18, 19, 20, 21, 22, 23, 29, 30, 31, 33, 34]
(vertex, fitness_v_community)(27, 0.019082174292817333)
[1, 2, 3, 4, 8, 9, 10, 13, 14, 15, 16, 18, 19, 20, 21, 22, 23, 27, 29, 30, 31, 33, 34]
(vertex, fitness_v_community)(24, 0.013846544715447107)
[1, 2, 3, 4, 8, 9, 10, 13, 14, 15, 16, 18, 19, 20, 21, 22, 23, 24, 27, 29, 30, 31, 33, 34]
(vertex, fitness_v_community)(32, 0.014699074074074114)
[1, 2, 3, 4, 8, 9, 10, 13, 14, 15, 16, 18, 19, 20, 21, 22, 23, 24, 27, 29, 30, 31, 32, 33, 34]
(vertex, fitness_v_community)(28, 0.02447665056360704)
[1, 2, 3, 4, 8, 9, 10, 13, 14, 15, 16, 18, 19, 20, 21, 22, 23, 24, 27, 28, 29, 30, 31, 32, 33, 34]
(vertex, fitness_v_community)(25, 0.015734989648033104)
[1, 2, 3, 4, 8, 9, 10, 13, 14, 15, 16, 18, 19, 20, 21, 22, 23, 24, 25, 27, 28, 29, 30, 31, 32, 33, 34]
(vertex, fitness_v_community)(26, 0.022777222777222828)
[1, 2, 3, 4, 8, 9, 10, 13, 14, 15, 16, 18, 19, 20, 21, 22, 23, 24, 25, 26, 27, 28, 29, 30, 31, 32, 33, 34]
(vertex, fitness_v_community)(11, 0.007381507381507335)
[1, 2, 3, 4, 8, 9, 10, 11, 13, 14, 15, 16, 18, 19, 20, 21, 22, 23, 24, 25, 26, 27, 28, 29, 30, 31, 32, 33, 34]
(vertex, fitness_v_community)(5, 0.014459665144596623)
[1, 2, 3, 4, 5, 8, 9, 10, 11, 13, 14, 15, 16, 18, 19, 20, 21, 22, 23, 24, 25, 26, 27, 28, 29, 30, 31, 32, 33, 34]
(vertex, fitness_v_community)(12, 0.007082284968782049)
[1, 2, 3, 4, 5, 8, 9, 10, 11, 12, 13, 14, 15, 16, 18, 19, 20, 21, 22, 23, 24, 25, 26, 27, 28, 29, 30, 31, 32, 33, 34]
(vertex, fitness_v_community)(6, 0.0009010226607200078)
[1, 2, 3, 4, 5, 6, 8, 9, 10, 11, 12, 13, 14, 15, 16, 18, 19, 20, 21, 22, 23, 24, 25, 26, 27, 28, 29, 30, 31, 32, 33, 34]
(vertex, fitness_v_community)(7, 0.02012556979444391)
[1, 2, 3, 4, 5, 6, 7, 8, 9, 10, 11, 12, 13, 14, 15, 16, 18, 19, 20, 21, 22, 23, 24, 25, 26, 27, 28, 29, 30, 31, 32, 33, 34]
(vertex, fitness_v_community)(17, 0.012987012987012991)
[1, 2, 3, 4, 5, 6, 7, 8, 9, 10, 11, 12, 13, 14, 15, 16, 17, 18, 19, 20, 21, 22, 23, 24, 25, 26, 27, 28, 29, 30, 31, 32, 33, 34]
i = 9[1, 2, 3, 4, 5, 6, 7, 8, 9, 10, 11, 12, 13, 14, 15, 16, 17, 18, 19, 20, 21, 22, 23, 24, 25, 26, 27, 28, 29, 30, 31, 32, 33, 34]
[6, 7, 17](vertex, fitness_v_community)(11, 0.10989010989010983)
[17, 11, 6, 7]
(vertex, fitness_v_community)(5, 0.1785714285714286)
[17, 11, 5, 6, 7]
(vertex, fitness_v_community)(1, -0.31521739130434784)
i = 10[17, 11, 5, 6, 7]
[25, 26, 32](vertex, fitness_v_community)(24, 0.03030303030303033)
[32, 25, 26, 24]
(vertex, fitness_v_community)(28, 0.0649350649350649)
[32, 25, 26, 28, 24]
(vertex, fitness_v_community)(29, 0.054187192118226646)
[32, 24, 25, 26, 28, 29]
(vertex, fitness_v_community)(30, 0.017241379310344807)
[32, 24, 25, 26, 28, 29, 30]
(vertex, fitness_v_community)(27, 0.045454545454545414)
[32, 24, 25, 26, 27, 28, 29, 30]
(vertex, fitness_v_community)(34, -0.06926406926406925)
i = 11[32, 24, 25, 26, 27, 28, 29, 30]
[27, 30, 34](vertex, fitness_v_community)(24, 0.08498168498168496)
[24, 34, 27, 30]
(vertex, fitness_v_community)(33, 0.07692307692307693)
[24, 33, 34, 27, 30]
(vertex, fitness_v_community)(15, 0.06666666666666671)
[33, 34, 15, 24, 27, 30]
(vertex, fitness_v_community)(16, 0.06153846153846154)
[33, 34, 15, 16, 24, 27, 30]
(vertex, fitness_v_community)(19, 0.056980056980056926)
[33, 34, 15, 16, 19, 24, 27, 30]
(vertex, fitness_v_community)(21, 0.05291005291005291)
[33, 34, 15, 16, 19, 21, 24, 27, 30]
(vertex, fitness_v_community)(23, 0.049261083743842415)
[33, 34, 15, 16, 19, 21, 23, 24, 27, 30]
(vertex, fitness_v_community)(10, 0.02337814143775563)
[33, 34, 10, 15, 16, 19, 21, 23, 24, 27, 30]
(vertex, fitness_v_community)(29, 0.02259887005649719)
[33, 34, 10, 15, 16, 19, 21, 23, 24, 27, 29, 30]
(vertex, fitness_v_community)(28, 0.010256410256410331)
[33, 34, 10, 15, 16, 19, 21, 23, 24, 27, 28, 29, 30]
(vertex, fitness_v_community)(25, 0.020046620046620056)
[33, 34, 10, 15, 16, 19, 21, 23, 24, 25, 27, 28, 29, 30]
(vertex, fitness_v_community)(26, 0.03832442067736186)
[33, 34, 10, 15, 16, 19, 21, 23, 24, 25, 26, 27, 28, 29, 30]
(vertex, fitness_v_community)(32, 0.0339366515837104)
[32, 33, 34, 10, 15, 16, 19, 21, 23, 24, 25, 26, 27, 28, 29, 30]
(vertex, fitness_v_community)(9, 0.03076923076923077)
[32, 33, 34, 9, 10, 15, 16, 19, 21, 23, 24, 25, 26, 27, 28, 29, 30]
(vertex, fitness_v_community)(31, -0.00454545454545463)
i = 12[32, 33, 34, 9, 10, 15, 16, 19, 21, 23, 24, 25, 26, 27, 28, 29, 30]
[24, 28, 34](vertex, fitness_v_community)(33, 0.0778985507246377)
[24, 33, 34, 28]
(vertex, fitness_v_community)(30, 0.10539215686274508)
[24, 33, 34, 28, 30]
(vertex, fitness_v_community)(15, 0.06363300036995934)
[33, 34, 15, 24, 28, 30]
(vertex, fitness_v_community)(16, 0.05900514579759858)
[33, 34, 15, 16, 24, 28, 30]
(vertex, fitness_v_community)(19, 0.05486443381180223)
[33, 34, 15, 16, 19, 24, 28, 30]
(vertex, fitness_v_community)(21, 0.05114481118049363)
[33, 34, 15, 16, 19, 21, 24, 28, 30]
(vertex, fitness_v_community)(23, 0.047791053070297296)
[33, 34, 15, 16, 19, 21, 23, 24, 28, 30]
(vertex, fitness_v_community)(27, 0.04475670049440539)
[33, 34, 15, 16, 19, 21, 23, 24, 27, 28, 30]
(vertex, fitness_v_community)(10, 0.021329365079365115)
[33, 34, 10, 15, 16, 19, 21, 23, 24, 27, 28, 30]
(vertex, fitness_v_community)(25, 0.02067307692307696)
[33, 34, 10, 15, 16, 19, 21, 23, 24, 25, 27, 28, 30]
(vertex, fitness_v_community)(26, 0.03949483352468419)
[33, 34, 10, 15, 16, 19, 21, 23, 24, 25, 26, 27, 28, 30]
(vertex, fitness_v_community)(32, 0.0204241948153967)
[32, 33, 34, 10, 15, 16, 19, 21, 23, 24, 25, 26, 27, 28, 30]
(vertex, fitness_v_community)(9, 0.03238866396761142)
[32, 33, 34, 9, 10, 15, 16, 19, 21, 23, 24, 25, 26, 27, 28, 30]
(vertex, fitness_v_community)(29, 0.03076923076923077)
[32, 33, 34, 9, 10, 15, 16, 19, 21, 23, 24, 25, 26, 27, 28, 29, 30]
(vertex, fitness_v_community)(31, -0.00454545454545463)
i = 13[32, 33, 34, 9, 10, 15, 16, 19, 21, 23, 24, 25, 26, 27, 28, 29, 30]
[29, 32, 34](vertex, fitness_v_community)(33, 0.07103218645948947)
[32, 33, 34, 29]
(vertex, fitness_v_community)(9, 0.06586620926243564)
[32, 33, 34, 29, 9]
(vertex, fitness_v_community)(31, 0.06291486291486292)
[32, 33, 34, 9, 29, 31]
(vertex, fitness_v_community)(15, 0.05177045177045181)
[32, 33, 34, 9, 15, 29, 31]
(vertex, fitness_v_community)(16, 0.048679678530424764)
[32, 33, 34, 9, 15, 16, 29, 31]
(vertex, fitness_v_community)(19, 0.045857668180834976)
[32, 33, 34, 9, 15, 16, 19, 29, 31]
(vertex, fitness_v_community)(21, 0.04327413757909776)
[32, 33, 34, 9, 15, 16, 19, 21, 29, 31]
(vertex, fitness_v_community)(23, 0.04090295195832527)
[32, 33, 34, 9, 15, 16, 19, 21, 23, 29, 31]
(vertex, fitness_v_community)(24, 0.038721461187214645)
[32, 33, 34, 9, 15, 16, 19, 21, 23, 24, 29, 31]
(vertex, fitness_v_community)(30, 0.05435897435897441)
[32, 33, 34, 9, 15, 16, 19, 21, 23, 24, 29, 30, 31]
(vertex, fitness_v_community)(26, 0.033974358974358965)
[32, 33, 34, 9, 15, 16, 19, 21, 23, 24, 26, 29, 30, 31]
(vertex, fitness_v_community)(25, 0.032317073170731625)
[32, 33, 34, 9, 15, 16, 19, 21, 23, 24, 25, 26, 29, 30, 31]
(vertex, fitness_v_community)(28, 0.045624103299856555)
[32, 33, 34, 9, 15, 16, 19, 21, 23, 24, 25, 26, 28, 29, 30, 31]
(vertex, fitness_v_community)(27, 0.02866801893171067)
[32, 33, 34, 9, 15, 16, 19, 21, 23, 24, 25, 26, 27, 28, 29, 30, 31]
(vertex, fitness_v_community)(10, 0.013845350052246519)
[32, 33, 34, 9, 10, 15, 16, 19, 21, 23, 24, 25, 26, 27, 28, 29, 30, 31]
(vertex, fitness_v_community)(20, 0.013534218590398384)
[32, 33, 34, 9, 10, 15, 16, 19, 20, 21, 23, 24, 25, 26, 27, 28, 29, 30, 31]
(vertex, fitness_v_community)(3, -0.005067195417492787)
i = 14[32, 33, 34, 9, 10, 15, 16, 19, 20, 21, 23, 24, 25, 26, 27, 28, 29, 30, 31]
++++++++++++++++++++++
[32, 33, 34, 9, 10, 15, 16, 19, 21, 23, 24, 25, 26, 27, 28, 29, 30][1, 2, 3, 4, 5, 6, 7, 8, 9, 10, 11, 12, 13, 14, 17, 18, 20, 22, 29, 31][1, 2, 4, 5, 6, 7, 8, 11, 12, 13, 14, 17, 18, 20, 22][1, 2, 4, 5, 6, 7, 8, 11, 12, 13, 17, 18, 22][32, 33, 34, 9, 10, 15, 16, 19, 20, 21, 23, 24, 25, 26, 27, 28, 29, 30, 31][1, 2, 3, 4, 5, 6, 7, 8, 9, 10, 11, 12, 13, 14, 15, 16, 17, 18, 19, 20, 21, 22, 23, 24, 25, 26, 27, 28, 29, 30, 31, 32, 33, 34][17, 11, 5, 6, 7][32, 24, 25, 26, 27, 28, 29, 30]eeeeeeeeeeeeeeeeeeeeee
++++++++++++++++++++++++++++++
[1, 2, 3, 4, 5, 6, 7, 8, 9, 10, 11, 12, 13, 14, 17, 18, 20, 22, 29, 31][32, 33, 34, 9, 10, 15, 16, 19, 20, 21, 23, 24, 25, 26, 27, 28, 29, 30, 31]++++++++++++++++++++++++++++++end
0[1, 2, 3, 4, 5, 6, 7, 8, 9, 10, 11, 12, 13, 14, 17, 18, 20, 22, 29, 31]
1[32, 33, 34, 9, 10, 15, 16, 19, 20, 21, 23, 24, 25, 26, 27, 28, 29, 30, 31]
cod:0.288235294118!!!!!!!!!!!!!final
[1, 2, 3, 4, 5, 6, 7, 8, 9, 10, 11, 12, 13, 14, 17, 18, 20, 22, 29, 31][32, 33, 34, 9, 10, 15, 16, 19, 20, 21, 23, 24, 25, 26, 27, 28, 29, 30, 31]!c_end!end
----------------------------------The detection result is: 
[1, 2, 3, 4, 5, 6, 7, 8, 9, 10, 11, 12, 13, 14, 17, 18, 20, 22, 29, 31][9, 10, 15, 16, 19, 20, 21, 23, 24, 25, 26, 27, 28, 29, 30, 31, 32, 33, 34]----------------------------------end
overlapping nodes are: ------------
[9, 10, 20, 29, 31]----------------------------------end
