#module 0 size: 50 bs: 0.00142839
240 408 437 732 881 943 946 963 988 1065 1070 1077 1147 1234 1330 1336 1366 1388 1434 1453 1641 1661 2076 2135 2250 2257 2263 2363 2383 2478 2553 2561 2659 2691 2720 2808 2838 2863 2971 3224 3240 3250 3366 3482 3681 3976 4048 4158 4276 4799 
#module 1 size: 99 bs: 1.89569e-06
48 144 182 357 441 456 518 542 554 567 607 726 800 878 921 993 1006 1025 1087 1159 1190 1208 1238 1381 1414 1418 1426 1427 1490 1497 1504 1517 1522 1580 1591 1671 1700 1706 1746 1753 1784 1866 1876 1893 1944 1952 1984 2000 2104 2151 2330 2377 2416 2467 2537 2577 2805 2823 2829 2877 2879 2896 3082 3085 3156 3177 3285 3367 3392 3502 3596 3598 3622 3666 3679 3722 3762 3818 3835 3898 3909 4107 4175 4204 4250 4340 4389 4548 4581 4615 4780 4788 4876 4930 4937 4944 4964 4966 4983 
#module 2 size: 70 bs: 2.78134e-05
40 74 114 117 129 141 228 229 260 278 340 342 364 692 770 777 848 849 913 996 1094 1172 1307 1351 1421 1438 1492 1544 1551 1603 1612 1675 1692 1711 1822 1929 2057 2096 2187 2193 2220 2277 2333 2428 2514 2548 2550 2582 2708 2825 2842 3038 3075 3103 3207 3344 3397 3484 3514 3528 3586 3614 3616 3675 3840 4056 4247 4277 4414 4841 
#module 3 size: 21 bs: 0.0601422
134 201 338 363 449 536 604 831 926 944 998 1092 1173 1229 1519 1616 1777 1900 1956 2295 2384 
#module 4 size: 60 bs: 0.0586228
46 54 174 416 547 658 776 905 908 964 1148 1293 1296 1623 1624 1681 1807 1827 1849 1862 1864 2115 2125 2176 2337 2469 2470 2815 2871 2881 2885 2889 2910 2962 3039 3214 3229 3276 3328 3427 3486 3622 3648 3680 3718 3812 3826 3855 3931 3937 4134 4315 4435 4465 4477 4539 4669 4839 4859 4869 
#module 5 size: 112 bs: 0.00167204
40 55 101 113 152 229 264 268 364 389 602 608 642 759 888 949 1005 1307 1372 1438 1478 1489 1544 1600 1622 1822 1839 1854 1885 1951 2057 2072 2098 2116 2232 2247 2277 2315 2403 2431 2457 2514 2548 2607 2664 2665 2696 2801 2803 2842 2851 2990 3066 3075 3096 3103 3147 3154 3182 3238 3257 3288 3290 3324 3335 3402 3408 3431 3504 3510 3524 3528 3582 3590 3607 3614 3630 3660 3787 3832 3840 3842 3883 3975 4006 4060 4062 4094 4099 4166 4274 4277 4286 4289 4395 4398 4531 4558 4618 4626 4642 4672 4739 4753 4786 4801 4837 4841 4844 4849 4913 4933 
#module 6 size: 32 bs: 5.4994e-06
43 102 434 539 866 939 940 954 970 1024 1080 1392 1463 1528 1847 2027 2124 2186 2225 2318 2461 2631 2771 3144 3522 3583 3728 3917 3919 3955 4355 4716 
#module 7 size: 53 bs: 0.0191348
110 198 300 475 481 686 820 836 909 1273 1323 1488 1563 1587 1660 1688 1707 1752 1820 2053 2063 2298 2299 2385 2388 2451 2676 2712 2800 2947 3138 3293 3377 3436 3490 3618 3772 3814 3892 3995 4090 4191 4248 4281 4291 4365 4407 4437 4476 4506 4522 4613 4866 
#module 8 size: 101 bs: 4.73744e-14
31 103 140 187 208 306 340 378 395 430 459 504 512 569 583 603 616 698 699 838 880 1000 1108 1122 1183 1187 1322 1433 1562 1598 1611 1620 1646 1797 1837 1870 1898 1926 1947 1950 1976 1977 2006 2206 2253 2277 2364 2443 2462 2487 2516 2557 2589 2682 2729 2745 2762 2784 2808 2830 2858 2915 2985 3024 3042 3107 3127 3134 3219 3231 3303 3308 3318 3323 3350 3362 3379 3463 3508 3603 3698 3776 3777 3987 4139 4149 4301 4342 4375 4403 4427 4453 4572 4580 4597 4648 4687 4874 4894 4903 4924 
#module 9 size: 49 bs: 2.60058e-07
26 171 315 492 534 782 895 1007 1022 1073 1101 1153 1166 1377 1382 1390 1756 1887 2055 2233 2323 2331 2422 2574 2706 2834 2908 3054 3068 3083 3113 3155 3157 3189 3195 3300 3305 3371 3556 3602 3786 4399 4419 4577 4720 4740 4745 4797 4943 
#module 10 size: 87 bs: 0.00217077
51 216 227 271 297 366 381 474 478 788 851 868 870 955 966 1020 1033 1117 1169 1209 1220 1257 1269 1326 1349 1499 1534 1546 1617 1663 1801 1858 1923 1941 2022 2079 2110 2141 2147 2221 2329 2421 2450 2526 2536 2710 2802 2912 2938 3126 3228 3282 3439 3454 3512 3573 3608 3623 3644 3645 3650 3676 3684 3730 4023 4081 4126 4132 4153 4160 4220 4243 4335 4355 4412 4442 4484 4503 4657 4709 4748 4751 4795 4805 4820 4904 4942 
#module 11 size: 102 bs: 0.00214424
22 25 27 128 215 333 424 487 548 555 620 628 700 778 876 889 935 957 1012 1124 1180 1251 1400 1442 1468 1495 1631 1779 1791 1840 1930 1964 2031 2050 2184 2203 2284 2351 2368 2424 2440 2481 2486 2520 2670 2702 2718 2818 2919 2923 2929 2969 3023 3074 3105 3109 3124 3188 3238 3252 3271 3302 3322 3381 3444 3460 3473 3573 3589 3687 3706 3744 3775 3807 3847 3881 3942 4046 4077 4101 4167 4214 4357 4405 4428 4433 4443 4459 4473 4523 4538 4568 4580 4641 4670 4715 4815 4840 4895 4947 4956 4968 
#module 12 size: 25 bs: 0.000116668
126 127 183 239 272 336 376 510 648 839 843 862 898 936 960 977 1137 1280 1440 1651 2025 2618 3072 3292 3797 
#module 13 size: 64 bs: 0.0109491
4 59 147 291 410 417 485 495 744 762 788 871 981 994 1270 1275 1414 1496 1513 1659 1762 1882 1918 2007 2089 2343 2370 2520 2661 2731 2779 2901 2948 2996 3036 3077 3088 3143 3165 3174 3259 3273 3277 3284 3309 3405 3533 3565 3588 3615 3751 3789 3856 3926 3994 4148 4178 4293 4349 4486 4588 4603 4611 4826 
#module 14 size: 83 bs: 1.58232e-06
141 606 622 679 682 745 796 883 896 920 962 1002 1021 1207 1222 1415 1531 1576 1585 1714 1785 1902 1927 1997 2009 2107 2164 2178 2279 2301 2303 2397 2406 2414 2438 2476 2490 2592 2699 2713 2831 2868 3031 3078 3120 3183 3243 3299 3393 3465 3468 3545 3669 3734 3735 3815 3920 3953 4016 4026 4071 4125 4135 4147 4203 4208 4210 4218 4288 4292 4294 4310 4449 4460 4475 4507 4511 4562 4646 4701 4705 4911 4990 
#module 15 size: 71 bs: 0.000781178
33 196 269 332 399 526 605 854 932 933 1074 1151 1278 1284 1313 1543 1804 1825 1993 2085 2129 2223 2290 2314 2346 2365 2366 2477 2640 2766 2817 2820 2867 2902 2919 2993 3208 3272 3310 3483 3491 3570 3769 3884 3993 4034 4075 4100 4102 4113 4114 4166 4173 4182 4225 4229 4323 4330 4390 4408 4469 4481 4482 4567 4623 4671 4674 4676 4682 4684 4831 
#module 16 size: 35 bs: 6.18988e-09
203 409 700 714 809 821 866 1085 1246 1274 1588 1619 1713 1738 1843 1939 2013 2017 2134 2191 2268 2468 2472 2535 2658 2753 2759 2897 2903 2935 3003 3579 3793 4146 4884 
#module 17 size: 95 bs: 0.0762453
13 52 86 106 224 256 298 564 571 573 589 671 674 815 911 914 976 1035 1062 1113 1121 1143 1205 1213 1320 1345 1385 1510 1613 1649 1740 1878 1912 1922 1975 2020 2040 2051 2181 2218 2243 2258 2297 2307 2352 2389 2393 2407 2430 2515 2521 2697 2743 2845 2928 2929 2992 2997 3011 3062 3089 3121 3168 3274 3281 3326 3546 3600 3631 3841 3871 3872 3912 3963 4156 4272 4279 4282 4298 4387 4402 4416 4445 4458 4479 4508 4561 4569 4586 4594 4596 4625 4656 4729 4733 
#module 18 size: 41 bs: 0.0721385
1 72 315 630 646 690 719 767 779 1015 1017 1054 1060 1079 1102 1103 1105 1258 1315 1338 1483 1556 1650 1682 1715 1747 1860 1871 1959 2136 2369 2793 3021 3080 3488 3617 3643 3692 3934 4015 4169 
#module 19 size: 58 bs: 0.000171983
2 56 87 330 420 530 543 670 749 825 842 857 863 1068 1174 1266 1362 1667 1693 1775 1811 1823 2171 2197 2372 2504 2884 2936 2994 3007 3338 3387 3396 3636 3641 3703 3712 3715 3764 3767 3771 3795 3952 4018 4024 4054 4069 4162 4261 4536 4743 4783 4793 4842 4858 4861 4917 4941 
#module 20 size: 52 bs: 0.0336985
3 143 254 282 552 561 629 675 678 693 781 861 1052 1162 1417 1702 1972 2260 2262 2350 2391 2420 2463 2578 2637 2698 2778 3043 3056 3133 3193 3240 3396 3613 3698 3740 3865 3902 4136 4140 4201 4611 4614 4673 4702 4741 4804 4806 4807 4865 4972 4984 
#module 21 size: 53 bs: 1.63277e-08
28 49 82 104 115 255 299 392 579 615 626 701 1035 1206 1226 1454 1471 1473 1608 1756 1971 2001 2131 2238 2324 2446 2735 2758 2763 2780 2883 3019 3020 3040 3359 3625 3637 3658 3798 3838 3998 4401 4417 4457 4537 4592 4605 4629 4658 4700 4865 4896 4914 
#module 22 size: 91 bs: 0.00139621
44 79 118 186 197 372 397 407 555 593 627 746 829 885 1146 1239 1245 1255 1263 1301 1350 1407 1430 1541 1575 1605 1662 1690 1772 1773 1793 1975 2029 2035 2090 2114 2133 2139 2288 2316 2374 2453 2465 2506 2511 2648 2792 2866 2964 2966 3001 3014 3097 3135 3141 3175 3206 3217 3233 3234 3446 3513 3519 3584 3621 3689 3711 3741 3783 3850 3943 3944 3964 3967 4020 4200 4212 4303 4333 4361 4393 4424 4466 4535 4555 4589 4595 4740 4790 4816 4829 
#module 23 size: 83 bs: 0.0111692
25 58 283 289 333 487 695 731 789 806 876 889 957 965 1036 1201 1221 1251 1405 1442 1530 1542 1582 1631 1657 1696 1767 1776 1819 1954 1964 2004 2031 2088 2105 2143 2184 2284 2604 2807 2846 2860 2886 2888 2929 2951 2969 2991 3010 3109 3196 3266 3278 3315 3351 3401 3415 3572 3709 3763 3974 3989 4036 4040 4138 4163 4308 4328 4329 4348 4431 4492 4516 4568 4633 4655 4691 4704 4715 4768 4864 4906 4939 
#module 24 size: 30 bs: 5.28446e-15
109 120 225 250 277 451 553 834 1244 1289 1347 1586 1761 1895 1914 1965 1984 2160 2168 2302 2562 2693 2715 2721 3033 3110 3128 3204 3239 4271 
#module 25 size: 34 bs: 2.19861e-12
41 347 435 523 609 924 985 1044 1083 1106 1130 1287 1533 1555 1621 1815 1967 1983 2202 2256 2327 2484 2764 2804 2946 3200 3205 3592 3747 3813 3940 4254 4728 4754 
#module 26 size: 102 bs: 2.77745e-05
51 89 216 271 292 295 297 317 323 349 366 383 585 655 657 773 884 955 969 1008 1046 1071 1093 1111 1344 1389 1409 1606 1607 1615 1657 1978 2079 2084 2166 2185 2221 2237 2347 2421 2439 2450 2507 2602 2612 2667 2704 2734 2761 2772 2924 3004 3050 3102 3194 3251 3296 3342 3343 3399 3429 3443 3496 3505 3545 3548 3560 3578 3599 3659 3678 3768 3862 3866 3894 3921 3933 3957 3966 4029 4084 4093 4119 4243 4253 4339 4341 4442 4470 4483 4541 4560 4652 4736 4779 4814 4822 4835 4845 4918 4921 4938 
#module 27 size: 61 bs: 2.29295e-07
105 181 214 308 387 527 617 798 811 1119 1120 1240 1333 1410 1570 1627 1680 1874 1883 1886 1925 2002 2014 2167 2189 2198 2267 2300 2445 2479 2556 2653 2694 2722 2755 2937 3035 3093 3112 3159 3225 3244 3341 3449 3562 3577 3649 3683 3710 3713 4116 4234 4322 4327 4367 4504 4634 4675 4688 4897 4916 
#module 28 size: 47 bs: 1.87619e-06
154 312 368 402 503 533 610 803 992 1040 1042 1127 1233 1253 1309 1447 1476 1494 1537 1550 1638 1686 1712 1722 1771 2153 2354 2494 2869 3022 3108 3411 3516 3537 3742 3799 4080 4164 4190 4242 4245 4353 4369 4376 4422 4452 4910 
#module 29 size: 87 bs: 0.0259585
38 111 195 313 314 328 339 362 396 398 400 431 471 493 525 590 601 631 637 784 802 845 972 1045 1056 1081 1098 1154 1390 1469 1514 1643 1705 1782 2148 2194 2212 2294 2362 2442 2452 2474 2495 2593 2635 2644 2852 2856 2872 2977 3047 3116 3150 3197 3215 3426 3596 3695 3738 3759 3834 3874 3878 3885 3913 3930 3979 4124 4257 4280 4345 4377 4425 4461 4712 4726 4758 4760 4765 4833 4846 4875 4891 4909 4928 4973 4993 
#module 30 size: 38 bs: 8.37107e-15
1 57 293 468 500 791 882 1211 1337 1403 1445 1464 1516 1560 1574 1669 2001 2082 2348 2601 2620 2743 2970 2991 3099 3191 3433 3445 3540 3663 3907 3915 3968 4192 4249 4263 4324 4731 
#module 31 size: 88 bs: 0.000169914
35 155 244 274 371 489 514 545 586 621 803 812 877 997 1053 1112 1127 1193 1227 1253 1263 1286 1309 1352 1416 1447 1476 1498 1564 1625 1686 1722 1833 1869 2042 2094 2108 2328 2356 2376 2392 2434 2540 2557 2595 2662 2687 2769 2823 2853 2858 2961 3009 3032 3199 3223 3355 3451 3481 3526 3579 3653 3656 3729 3731 3739 3742 3860 3959 4026 4161 4171 4190 4285 4337 4447 4578 4602 4659 4660 4679 4692 4773 4777 4809 4881 4961 4994 
#module 32 size: 41 bs: 1.97489e-06
20 59 147 213 410 417 495 511 558 793 994 1078 1231 1243 1270 1275 1318 1446 1496 1545 1604 1728 1762 1831 1884 1958 1999 2505 2616 2700 2724 2731 2891 3162 3165 3166 3249 3420 3588 3817 4754 
#module 33 size: 104 bs: 0.0132991
95 121 159 170 226 276 325 345 375 380 390 445 476 538 575 624 677 687 703 819 973 979 1001 1039 1049 1198 1214 1216 1292 1301 1321 1325 1327 1593 1615 1647 1751 1812 1817 1872 1875 1907 1913 1920 1948 1955 1968 2021 2034 2038 2086 2144 2175 2249 2255 2265 2270 2319 2355 2413 2539 2552 2607 2783 2861 2900 2905 2906 2963 2968 2976 3026 3209 3230 3314 3327 3333 3345 3369 3448 3469 3553 3624 3687 3696 3733 3738 3800 3888 4014 4039 4040 4076 4123 4388 4397 4448 4505 4644 4752 4836 4851 4919 4952 
#module 34 size: 52 bs: 4.04868e-07
18 27 116 265 304 348 424 532 555 620 706 778 986 1018 1132 1212 1428 1549 1791 1840 1880 1963 2024 2106 2203 2235 2353 2424 2503 2765 2817 2995 3023 3028 3114 3124 3173 3175 3238 3329 3384 3519 3589 3646 3693 3824 3847 4098 4145 4428 4523 4870 
#module 35 size: 87 bs: 6.20841e-09
47 133 199 220 232 285 560 729 832 916 1011 1205 1259 1291 1449 1500 1529 1666 1718 1797 1806 1873 1889 1890 1915 1934 1979 1990 2012 2065 2113 2130 2219 2339 2473 2523 2530 2546 2795 2848 2989 3118 3122 3166 3245 3260 3262 3263 3289 3370 3403 3535 3557 3559 3604 3761 3768 3805 3823 3849 3873 3875 3918 4022 4121 4188 4347 4413 4417 4468 4509 4529 4551 4567 4575 4584 4609 4612 4774 4794 4813 4862 4871 4878 4900 4974 4985 
#module 36 size: 57 bs: 4.2884e-05
73 108 194 243 287 309 319 727 817 859 959 1028 1063 1288 1487 1509 1547 1786 1844 2246 2278 2396 2512 2558 2563 2576 2605 2895 2916 2987 3142 3216 3279 3461 3536 3566 3585 3694 3802 3882 3935 3946 3996 4097 4130 4143 4206 4255 4270 4283 4319 4340 4680 4710 4963 4970 4984 
#module 37 size: 67 bs: 0.0792926
96 136 218 247 290 346 361 482 508 528 540 659 673 708 799 823 931 1100 1135 1176 1319 1365 1411 1435 1503 1589 1708 1726 1731 1789 1821 1880 1891 2100 2128 2204 2229 2269 2274 2306 2387 2433 2436 2448 2471 2609 2736 2812 2950 3086 3149 3163 3164 3221 3638 3929 4128 4170 4231 4239 4299 4429 4498 4579 4587 4653 4685 
#module 38 size: 42 bs: 0.0753333
173 217 221 320 457 480 625 683 879 1145 1164 1235 1360 1859 1863 2023 2060 2226 2513 2533 2654 2843 2847 2878 2986 3137 3283 3349 3376 3416 3432 3449 3462 3497 3605 3828 3956 4050 4079 4251 4305 4678 
#module 39 size: 80 bs: 0.0430654
12 42 162 200 235 261 263 284 367 438 442 454 485 519 638 650 660 737 739 887 1125 1168 1177 1202 1236 1237 1304 1343 1359 1398 1485 1590 1595 1702 1803 1867 1904 1995 2037 2039 2132 2144 2242 2251 2570 2611 2619 2791 2931 2959 3012 3094 3151 3169 3235 3258 3285 3334 3360 3576 3651 3861 3876 3890 3911 3986 4091 4095 4187 4219 4296 4356 4382 4438 4544 4671 4696 4771 4785 4808 
#module 40 size: 23 bs: 9.08424e-06
5 63 68 167 177 563 577 643 712 724 1095 1374 1479 1499 1658 1957 2150 2232 2556 2787 3248 3559 4379 
#module 41 size: 38 bs: 0.0573846
164 302 318 334 344 388 421 470 645 651 711 734 801 903 968 1066 1163 1386 1474 1743 1808 1931 2171 2408 2507 2714 2840 2864 2954 3052 3858 4044 4051 4129 4194 4198 4391 4564 
#module 42 size: 111 bs: 0.0690855
8 97 98 210 281 424 426 453 464 509 544 551 595 613 647 722 795 818 840 856 863 894 942 945 956 1023 1027 1050 1051 1076 1089 1116 1158 1175 1290 1305 1306 1386 1427 1472 1698 1732 1796 1910 1940 2003 2239 2248 2317 2382 2525 2540 2541 2589 2617 2747 2782 2810 2826 2972 3212 3264 3268 3299 3383 3489 3492 3501 3633 3657 3716 3725 3731 3854 3868 3960 3997 4055 4063 4086 4197 4207 4209 4326 4382 4451 4517 4550 4600 4601 4636 4640 4649 4655 4668 4697 4708 4713 4734 4737 4772 4778 4791 4817 4853 4863 4872 4880 4901 4969 4999 
#module 43 size: 183 bs: 0.000274025
76 101 113 153 267 343 352 354 389 440 494 502 537 571 642 691 710 728 740 741 755 929 936 1005 1057 1099 1128 1139 1188 1194 1215 1299 1539 1583 1600 1710 1755 1831 1839 1848 2045 2111 2124 2137 2196 2205 2215 2282 2291 2315 2341 2412 2484 2496 2544 2555 2585 2588 2590 2607 2649 2664 2689 2728 2730 2760 2824 2835 2851 2865 2887 2917 2925 2933 2934 2942 2965 2990 3056 3111 3119 3140 3178 3181 3201 3210 3237 3238 3275 3288 3324 3335 3403 3413 3435 3442 3456 3459 3466 3472 3487 3504 3510 3517 3520 3561 3571 3580 3594 3619 3630 3660 3673 3685 3686 3724 3757 3782 3803 3821 3831 3832 3837 3843 3853 3938 3982 3991 3992 4001 4004 4005 4011 4027 4033 4043 4058 4064 4087 4108 4115 4118 4205 4215 4258 4286 4289 4311 4338 4366 4394 4395 4398 4450 4524 4531 4557 4583 4618 4626 4642 4650 4661 4664 4672 4706 4725 4753 4786 4811 4819 4837 4844 4860 4867 4885 4905 4913 4915 4933 4950 4959 4980 
#module 44 size: 83 bs: 0.0021215
62 107 166 266 307 326 360 423 556 572 640 837 915 1160 1210 1242 1354 1361 1448 1458 1493 1597 1645 1656 1717 1770 1805 1861 1973 1988 2195 2214 2264 2289 2335 2347 2499 2501 2554 2628 2632 2844 2974 3048 3069 3147 3269 3270 3417 3473 3531 3674 3760 3790 3792 3839 3852 3893 3894 3904 3910 3981 4057 4059 4089 4325 4510 4526 4641 4654 4667 4678 4718 4735 4796 4825 4882 4899 4902 4922 4951 4965 4979 
#module 45 size: 137 bs: 0.0781638
34 100 119 145 172 180 303 305 503 546 587 619 641 662 668 689 774 804 807 810 869 897 919 948 983 993 1004 1086 1144 1161 1175 1189 1238 1265 1329 1342 1362 1456 1470 1502 1511 1637 1673 1737 1783 1795 1799 1830 1865 1906 1949 1961 1991 2026 2043 2059 2087 2199 2200 2216 2338 2454 2466 2564 2627 2666 2737 2744 2775 2776 2827 2833 2898 2918 2943 2945 3008 3051 3115 3172 3201 3232 3304 3337 3373 3406 3424 3467 3506 3549 3610 3689 3714 3746 3750 3756 3779 3794 3806 3829 3848 3889 3897 3900 3928 4000 4021 4035 4070 4104 4157 4195 4228 4235 4237 4312 4336 4404 4462 4482 4512 4520 4528 4610 4711 4763 4775 4784 4802 4828 4844 4855 4912 4920 4935 4936 4958 
#module 46 size: 85 bs: 0.00391776
169 172 189 231 357 452 499 618 852 893 918 983 1196 1277 1294 1311 1413 1701 1716 1757 1781 1801 1816 1853 1899 1923 2046 2054 2093 2222 2276 2309 2312 2313 2510 2529 2572 2688 2818 2841 2967 2999 3184 3218 3253 3317 3336 3353 3452 3458 3460 3494 3581 3593 3691 3707 3867 3880 3945 3949 4032 4041 4090 4255 4264 4392 4471 4474 4501 4598 4619 4637 4662 4686 4699 4723 4730 4750 4756 4781 4824 4934 4948 4967 4991 
#module 47 size: 69 bs: 2.88019e-05
15 219 427 460 484 928 941 952 1061 1096 1178 1318 1339 1512 1630 1742 1945 1997 2036 2174 2192 2359 2360 2575 2707 2741 2770 2781 2814 2821 2828 3086 3246 3254 3301 3346 3373 3389 3414 3480 3585 3661 3708 3796 3806 3833 3870 3999 4038 4133 4236 4307 4332 4373 4378 4411 4441 4463 4496 4502 4513 4527 4556 4593 4827 4920 4931 4945 4946 
#module 48 size: 109 bs: 0.000246167
23 124 134 139 157 160 237 461 521 822 870 890 904 1150 1185 1221 1223 1241 1376 1540 1655 1685 1706 1725 1806 1911 2156 2177 2209 2273 2311 2320 2349 2422 2423 2436 2441 2449 2456 2566 2573 2644 2674 2740 2768 2785 2849 2861 2882 2913 2921 2922 2940 2949 2957 3116 3286 3312 3332 3351 3372 3374 3382 3437 3438 3470 3503 3558 3563 3601 3694 3753 3788 3801 3822 3887 3891 3936 3954 3965 3969 4030 4049 4120 4131 4144 4217 4370 4383 4489 4523 4542 4549 4576 4621 4622 4628 4673 4732 4749 4782 4787 4868 4886 4924 4929 4962 4978 4997 
#module 49 size: 60 bs: 3.3958e-06
109 663 752 754 756 891 1014 1067 1134 1184 1195 1399 1567 1735 1759 1809 1960 1962 2008 2120 2172 2179 2245 2321 2429 2492 2577 2591 2596 2672 2723 2750 2806 2956 3063 3152 3419 3619 3639 3727 3729 3804 3822 3891 3927 4010 4169 4202 4302 4371 4400 4409 4455 4630 4638 4738 4766 4813 4926 4987 
#module 50 size: 111 bs: 0.0860961
176 193 242 264 279 301 358 405 429 513 557 599 622 623 644 743 761 797 803 847 890 953 975 1199 1207 1217 1287 1316 1415 1610 1652 1736 1793 1802 1835 1888 1935 1992 1998 2078 2117 2121 2142 2149 2252 2547 2606 2610 2634 2646 2681 2813 2870 2893 2920 2973 2979 2982 3002 3027 3067 3081 3092 3129 3171 3176 3227 3255 3256 3291 3347 3412 3475 3479 3521 3538 3551 3552 3568 3668 3688 3701 3723 3932 3951 4008 4045 4052 4096 4106 4141 4172 4199 4227 4233 4259 4304 4334 4352 4415 4530 4563 4606 4663 4677 4695 4698 4724 4755 4832 4957 
#module 51 size: 71 bs: 0.00180441
11 39 179 369 393 472 524 766 768 860 875 958 1107 1123 1141 1256 1268 1375 1436 1444 1552 1584 1594 1624 1634 1652 1749 1763 2119 2169 2170 2210 2286 2415 2464 2497 2528 2531 2534 2580 2671 3055 3076 3079 3117 3145 3170 3179 3319 3385 3428 3440 3670 3677 3700 3984 4186 4216 4344 4360 4396 4456 4467 4488 4525 4532 4616 4703 4767 4812 4830 
#module 52 size: 62 bs: 0.000962964
123 273 288 337 466 614 735 813 1072 1104 1157 1225 1230 1467 1482 1526 1532 1581 1678 1709 1845 2081 2127 2152 2345 2695 2701 2719 2814 2854 2914 2952 2958 3070 3083 3167 3325 3446 3485 3635 3754 3859 3901 3925 4068 4122 4154 4278 4295 4368 4372 4485 4514 4533 4534 4547 4554 4582 4632 4645 4683 4857 
#module 53 size: 64 bs: 2.00811e-12
24 161 246 377 463 505 649 748 814 830 843 865 1138 1218 1261 1341 1486 1536 1628 1727 1855 1897 1919 1989 2044 2083 2102 2118 2159 2213 2275 2425 2519 2524 2797 3029 3041 3123 3130 3194 3298 3357 3381 3386 3474 3550 3626 3665 3827 4230 4254 4321 4505 4546 4559 4570 4759 4850 4854 4907 4953 4976 4977 4995 
#module 54 size: 127 bs: 0.000318218
32 88 129 191 313 348 396 398 400 418 588 590 601 664 769 802 845 850 901 938 987 1029 1056 1098 1118 1154 1297 1455 1514 1527 1569 1592 1693 1766 1892 1904 2036 2095 2133 2148 2194 2212 2283 2294 2304 2362 2378 2435 2442 2452 2474 2495 2593 2594 2656 2717 2738 2748 2856 2872 2911 2939 2977 3005 3057 3071 3150 3215 3348 3352 3426 3450 3477 3542 3544 3554 3596 3628 3632 3682 3759 3767 3773 3834 3845 3846 3885 3906 3913 3924 3977 3979 4074 4078 4147 4179 4181 4238 4252 4256 4257 4316 4345 4366 4377 4425 4440 4455 4553 4643 4665 4726 4760 4833 4846 4847 4850 4875 4889 4891 4909 4928 4931 4932 4971 4973 4993 
#module 55 size: 51 bs: 4.88538e-14
14 84 206 238 373 566 601 612 718 730 951 1097 1308 1484 1674 1699 2010 2125 2138 2227 2410 2418 2538 2647 2744 2757 2855 3037 3132 3222 3226 3317 3368 3453 3534 3624 3627 3688 3717 3732 3836 3863 3922 4085 4110 4213 4426 4666 4722 4866 4982 
#module 56 size: 95 bs: 0.0971831
17 23 75 80 134 139 202 233 496 521 581 598 600 661 790 870 1150 1185 1192 1221 1376 1614 1768 1794 1806 1881 1911 2068 2070 2146 2177 2188 2217 2231 2273 2320 2449 2565 2644 2701 2716 2733 2740 2798 2861 2882 2921 2940 2949 2957 2984 3116 3242 3312 3332 3363 3372 3470 3558 3564 3591 3601 3609 3662 3694 3697 3745 3775 3784 3809 3822 3923 3936 3954 3969 3985 4019 4049 4120 4137 4177 4370 4374 4383 4489 4523 4542 4549 4576 4621 4622 4776 4787 4924 4962 
#module 57 size: 80 bs: 4.06039e-08
135 212 291 639 685 750 782 978 981 1264 1414 1432 1480 1548 1691 1704 1832 1868 1882 1933 1974 2201 2357 2370 2575 2598 2661 2709 2765 2779 2822 2901 2948 2996 3018 3036 3046 3088 3165 3187 3259 3277 3284 3405 3409 3422 3471 3530 3533 3565 3599 3629 3736 3766 3789 3856 3857 3895 3914 3939 4076 4082 4083 4148 4193 4226 4293 4349 4385 4573 4588 4603 4611 4693 4707 4742 4744 4769 4770 4826 
#module 58 size: 65 bs: 3.08283e-07
7 37 91 92 94 188 322 356 467 507 666 681 713 715 760 764 783 828 923 947 1003 1182 1230 1250 1272 1276 1358 1518 1640 1798 1896 1969 1987 1996 2032 2069 2079 2240 2271 2293 2411 2560 2642 2669 2698 2705 2894 2909 3064 3391 3415 3611 4006 4053 4180 4240 4313 4337 4420 4423 4491 4494 4519 4565 4988 
#module 59 size: 75 bs: 3.20485e-05
21 50 175 275 294 350 355 439 572 633 967 1037 1048 1131 1271 1298 1357 1363 1384 1451 1452 1459 1571 1694 1760 1780 1946 1986 2110 2157 2158 2244 2395 2483 2677 2678 2686 2728 2757 2960 3044 3053 3058 3067 3100 3160 3313 3365 3395 3511 3580 3620 3726 3744 4013 4168 4176 4196 4241 4266 4269 4280 4309 4386 4478 4604 4627 4694 4762 4789 4873 4877 4940 4954 4975 
#module 60 size: 96 bs: 0.0208759
30 66 130 137 148 248 296 329 444 479 483 535 591 611 684 809 844 886 912 984 995 1075 1091 1126 1152 1165 1252 1324 1404 1461 1579 1664 1730 1745 1765 1938 1982 1985 2018 2048 2162 2266 2367 2581 2623 2625 2848 2894 2983 2997 3080 3087 3091 3095 3106 3153 3247 3340 3354 3394 3478 3543 3567 3574 3608 3664 3733 3774 3819 3941 4047 4067 4117 4262 4284 4318 4346 4351 4354 4381 4406 4410 4434 4495 4497 4566 4591 4617 4635 4727 4820 4821 4856 4898 4910 4955 
#module 61 size: 86 bs: 6.74063e-08
65 158 185 311 384 411 433 469 497 539 634 652 1030 1038 1059 1142 1383 1425 1437 1508 1521 1524 1557 1587 1596 1719 1758 1769 1774 1850 2080 2101 2109 2182 2241 2254 2386 2500 2774 2801 2816 2890 2939 2941 2961 3000 3019 3098 3261 3281 3375 3404 3499 3532 3647 3652 3702 3793 3869 3914 3947 3970 3973 4073 4078 4111 4244 4268 4306 4343 4358 4362 4379 4472 4518 4552 4719 4746 4776 4834 4843 4887 4890 4923 4927 4986 
#module 62 size: 112 bs: 0.00888925
70 229 236 412 425 455 541 559 615 771 824 826 939 1016 1032 1034 1093 1300 1365 1473 1566 1636 1677 1720 1756 1790 1818 1836 1863 1942 1966 2001 2049 2077 2113 2123 2131 2183 2208 2238 2310 2326 2446 2459 2475 2491 2509 2567 2639 2735 2746 2756 2758 2763 2780 2796 2883 2892 2944 3019 3020 3040 3060 3065 3192 3265 3287 3359 3361 3364 3527 3625 3634 3637 3640 3658 3798 3830 3838 3858 3877 3886 3896 3907 3908 3998 4105 4165 4222 4224 4232 4317 4401 4417 4432 4439 4457 4464 4499 4537 4545 4592 4605 4608 4629 4658 4700 4865 4892 4896 4914 4949 
#module 63 size: 95 bs: 0.00248721
190 379 382 385 491 498 522 716 846 1003 1051 1064 1069 1114 1133 1332 1364 1400 1520 1541 1602 1609 1672 1729 1764 1778 1856 1932 1994 2030 2099 2103 2161 2224 2230 2380 2381 2399 2417 2426 2437 2489 2569 2703 2752 2788 2876 2885 2899 2904 2926 2953 3032 3049 3073 3211 3278 3331 3447 3470 3541 3595 3737 3765 3820 3899 3978 4012 4037 4061 4156 4189 4221 4265 4273 4320 4377 4390 4418 4454 4489 4490 4494 4526 4574 4623 4647 4674 4689 4803 4823 4829 4960 4996 5000 
#module 64 size: 81 bs: 0.00272871
81 83 85 324 419 450 506 531 723 792 884 910 945 961 990 1013 1136 1149 1156 1179 1219 1295 1328 1373 1408 1412 1423 1475 1481 1515 1561 1572 1577 1639 1748 1778 1852 1953 2019 2390 2397 2566 2579 2583 2651 2683 2751 2836 2841 2850 3025 3129 3158 3265 3320 3380 3390 3397 3418 3493 3498 3693 3816 3819 3948 4017 4174 4183 4314 4357 4359 4466 4651 4681 4721 4722 4764 4810 4838 4884 4981 
#module 65 size: 72 bs: 1.19059e-05
69 131 178 245 386 401 415 458 653 780 791 864 867 907 982 991 1084 1129 1140 1220 1356 1424 1439 1442 1629 1676 1734 1792 2015 2061 2150 2163 2211 2272 2287 2444 2447 2460 2493 2543 2586 2600 2794 2949 2981 3090 3311 3378 3511 3597 3721 3748 3814 3844 4002 4047 4103 4384 4521 4585 4621 4639 4714 4747 4761 4818 4848 4849 4925 4987 4989 4992 
#module 66 size: 31 bs: 1
394 765 917 1181 1192 1203 1232 1257 1310 1380 1443 2032 2527 2584 2587 2675 2726 2832 2839 2930 3263 3495 3672 3743 3811 3864 4065 4290 4331 4421 4690 
#module 67 size: 15 bs: 1
6 149 248 341 516 592 1370 1396 1525 1903 2228 2288 2482 2742 3104 
#module 68 size: 30 bs: 1
259 316 432 568 570 676 1010 1312 2207 2239 2402 2517 2673 2773 2998 3061 3146 3294 3425 3430 3810 3958 4007 4042 4142 4350 4436 4480 4500 4607 
#module 69 size: 19 bs: 1
9 99 669 1070 1155 1302 1466 1814 2016 2173 2280 2502 2508 2685 3045 3084 3500 3606 3851 
#module 70 size: 13 bs: 1
67 262 736 900 1393 1465 1553 1654 2261 2415 2458 2679 2966 
#module 71 size: 10 bs: 1
61 428 578 785 950 1026 1031 1228 1501 1670 
#module 72 size: 19 bs: 1
10 1019 1378 1565 1573 1698 1739 1787 1838 2028 2033 2044 2259 2597 2636 3185 3654 3719 3781 
#module 73 size: 11 bs: 1
370 422 529 635 1058 1170 1626 1697 1901 1928 2075 
#module 74 size: 17 bs: 1
488 574 667 742 899 1082 1397 1632 1851 2041 2342 2650 2770 2789 3139 3241 3455 
#module 75 size: 22 bs: 1
16 90 335 353 477 1558 1559 1824 1936 1943 2344 2518 2613 2652 2692 3136 3295 3441 3720 3961 4159 4184 
#module 76 size: 19 bs: 1
19 154 597 835 937 1110 1353 1633 1687 1841 2005 2340 2375 3202 3464 3569 3587 3642 3879 
#module 77 size: 46 bs: 1
52 101 234 486 564 697 1009 1197 1462 1491 1580 2097 2236 2292 2480 2545 2571 2627 2633 2811 2955 2975 3013 3029 3148 3198 3288 3307 3392 3421 3423 3661 3699 3766 3770 4088 4092 4109 4223 4318 4347 4363 4852 4883 4893 4998 
#module 78 size: 50 bs: 1
20 65 122 184 211 241 258 270 391 403 605 733 775 873 922 1191 1721 1857 1921 1980 2011 2145 2349 2358 2398 2626 2741 2940 3016 3034 3198 3339 3529 3575 3950 4112 4127 4211 4246 4267 4275 4380 4540 4543 4590 4624 4717 4792 4888 4908 
#module 79 size: 27 bs: 1
448 478 520 808 916 980 1047 1409 1642 1879 2334 2409 2629 2633 2862 2873 2932 3006 3515 3525 3667 3671 3785 3903 3916 4493 4571 
#module 80 size: 32 bs: 1
253 662 892 1258 1665 1753 1788 2066 2281 2394 2498 2615 2655 2907 2927 2978 3101 3398 3825 3875 4025 4287 4300 4364 4430 4444 4446 4515 4599 4620 4798 4800 
#module 81 size: 12 bs: 1
163 989 1115 1618 1644 1689 2154 2190 2322 2325 2379 2624 
#module 82 size: 18 bs: 1
29 576 657 858 1186 1371 1420 1568 1829 2122 2371 2568 2643 2725 3267 3410 3704 3705 
#module 83 size: 32 bs: 1
165 209 251 717 753 1249 1368 1401 1538 1970 2126 2361 2405 2432 2596 3030 3131 3150 3220 3228 3356 3457 3791 3972 3980 3990 4066 4185 4487 4631 4757 4879 
#module 84 size: 11 bs: 1
36 550 704 709 725 853 925 1477 1648 1733 2071 
#module 85 size: 21 bs: 1
93 257 462 680 927 1303 2091 2155 2336 2401 2485 2608 2684 2857 2880 3125 3161 3758 3780 3993 4072 
#module 86 size: 13 bs: 1
45 286 490 1429 1599 1905 2308 2455 2559 2622 2668 2711 2727 
#module 87 size: 11 bs: 1
146 705 902 971 1554 1683 1877 2062 2180 2285 2296 
#module 88 size: 26 bs: 1
53 60 64 665 702 720 1282 1355 2052 2092 2532 2630 2663 2786 2854 3059 3280 3358 3407 3518 3523 3752 3983 3988 4003 4151 
#module 89 size: 16 bs: 1
222 596 707 738 1109 1224 1285 1340 1842 1937 1965 2522 2904 3236 3297 3566 
#module 90 size: 15 bs: 1
69 92 594 841 1254 1379 1391 1419 1684 1800 2621 2660 2859 2980 3186 
#module 91 size: 12 bs: 1
71 168 204 517 721 805 1335 1578 1744 1846 2056 2067 
#module 92 size: 24 bs: 1
73 223 549 582 654 787 1171 1450 1724 1917 2140 2542 2837 2988 3388 3749 3778 3905 3971 4028 4150 4152 4260 4297 
#module 93 size: 22 bs: 1
77 374 404 446 515 636 763 1431 1472 2073 2112 2431 2749 2790 3190 3306 3330 3400 3555 3655 3962 4155 
#module 94 size: 10 bs: 1
78 150 156 310 413 872 1041 1267 1331 1695 
#module 95 size: 13 bs: 1
1055 1200 1247 1260 1283 1334 1348 1406 1810 1924 2058 2234 2680 
#module 96 size: 17 bs: 1
151 365 656 694 696 1314 1460 1506 1535 1826 2074 2165 2305 2419 2732 2875 3316 
#module 97 size: 10 bs: 1
112 751 816 1088 1090 1167 1204 1281 1402 1813 
#module 98 size: 20 bs: 1
125 138 351 359 414 580 758 772 1043 1834 1916 2047 2809 3203 3321 3476 3507 3755 4009 4031 
#module 99 size: 17 bs: 1
280 327 1262 1523 1734 1828 2143 2404 2427 2551 2599 2614 2645 2754 2767 2799 3434 
#module 100 size: 10 bs: 1
132 183 321 331 443 733 833 1248 1653 1723 
#module 101 size: 11 bs: 1
142 406 452 688 874 930 974 1601 1741 1894 1908 
#module 102 size: 10 bs: 1
192 207 249 473 565 786 1279 1395 1679 1811 
#module 103 size: 18 bs: 1
465 501 562 906 934 1346 1387 1441 1457 1750 1754 1981 2332 2549 2657 2777 3539 3808 
#module 104 size: 17 bs: 1
205 436 584 827 999 1422 1505 1909 2064 2373 2488 2603 2638 2641 3180 3509 3612 
#module 105 size: 18 bs: 1
230 252 447 632 757 1507 1668 1703 2400 2690 2739 2819 2874 3015 3017 3213 3547 3690 
#module 106 size: 10 bs: 1
672 747 794 855 1317 1367 1369 1394 1635 2097 
