#module 0 size: 24 bs: 0.0764761
1 293 791 1403 1445 2001 2348 2601 2620 2970 2991 3191 3433 3445 3540 3663 3907 3915 3968 4192 4249 4263 4324 4731 
#module 1 size: 45 bs: 0.00581996
8 424 426 509 544 647 945 1051 1089 1116 1158 1386 1698 1796 1910 1940 2382 2525 2589 2747 2826 3489 3633 3657 3716 3725 3731 3868 4063 4086 4197 4207 4326 4451 4600 4601 4668 4697 4708 4734 4778 4791 4817 4872 4901 
#module 2 size: 13 bs: 0.00200581
1 315 630 779 1015 1017 1483 1682 1860 1871 1959 2136 3488 
#module 3 size: 49 bs: 0.00661226
89 323 349 383 585 655 657 1093 1111 1344 1389 2084 2185 2237 2347 2439 2507 2734 2761 2924 3194 3296 3429 3443 3505 3545 3548 3578 3659 3678 3768 3866 3894 3933 3957 4029 4093 4119 4339 4470 4483 4541 4560 4736 4814 4822 4845 4918 4921 
#module 4 size: 12 bs: 0.00340879
52 224 298 1113 1143 1613 1922 2243 2297 2430 2929 4625 
#module 5 size: 21 bs: 1.00664e-06
2 670 842 1174 1266 1667 1823 2171 2197 2372 2504 2884 3007 3338 3387 3703 3764 3795 3952 4069 4941 
#module 6 size: 31 bs: 0.000485487
394 765 917 1181 1192 1203 1232 1257 1310 1380 1443 2032 2527 2584 2587 2675 2726 2832 2839 2930 3263 3495 3672 3743 3811 3864 4065 4290 4331 4421 4690 
#module 7 size: 47 bs: 0.000255652
76 267 343 691 728 740 755 1194 1215 2045 2196 2215 2484 2496 2585 2588 2649 2730 2760 2824 2942 2965 3119 3181 3403 3413 3580 3619 3673 3724 3757 3982 4027 4043 4115 4118 4258 4557 4650 4661 4664 4860 4867 4915 4950 4959 4980 
#module 8 size: 35 bs: 2.98413e-05
484 928 1178 1318 1339 1512 1742 1945 1997 2359 2575 2741 2770 2781 2814 2821 3301 3346 3373 3414 3480 3661 3708 3833 4133 4236 4307 4332 4373 4378 4463 4496 4556 4593 4827 
#module 9 size: 12 bs: 6.93984e-12
3 143 254 678 1052 1162 1417 1972 2262 2350 2420 2637 
#module 10 size: 49 bs: 0.00054358
360 423 1242 1354 1361 1448 1597 1645 1656 1717 1805 1861 1988 2195 2289 2347 2844 2974 3069 3270 3473 3531 3674 3760 3790 3893 3894 3910 3981 4057 4089 4325 4510 4526 4641 4654 4667 4678 4718 4735 4796 4825 4882 4899 4902 4922 4951 4965 4979 
#module 11 size: 35 bs: 4.88172e-05
15 219 427 460 941 952 1061 1096 1630 2036 2174 2192 2360 2707 2828 3086 3246 3254 3389 3585 3796 3806 3870 3999 4038 4411 4441 4496 4502 4513 4527 4920 4931 4945 4946 
#module 12 size: 37 bs: 2.36788e-07
354 494 929 1128 1139 1188 1848 2111 2137 2205 2544 2555 2590 2728 2835 2887 2917 2934 3275 3435 3459 3487 3517 3685 3821 3837 3843 3853 3938 4005 4058 4087 4215 4583 4725 4811 4905 
#module 13 size: 25 bs: 0.0438977
4 485 744 762 788 871 1513 1659 1918 2007 2089 2343 2520 3077 3143 3174 3273 3309 3615 3751 3926 3994 4148 4178 4486 
#module 14 size: 22 bs: 0.000127233
102 434 939 940 970 1024 2124 2186 2225 2318 2461 2631 2771 3144 3522 3583 3728 3917 3919 3955 4355 4716 
#module 15 size: 38 bs: 0.0030653
30 66 130 329 444 479 1091 1765 1938 2162 2367 2581 2623 2894 2997 3091 3153 3247 3478 3543 3574 3608 3733 3774 3819 4067 4117 4284 4318 4434 4495 4617 4727 4820 4856 4898 4910 4955 
#module 16 size: 34 bs: 6.52305e-05
615 1473 1756 2001 2131 2238 2446 2735 2758 2763 2780 2883 3019 3020 3040 3359 3625 3637 3658 3798 3838 3998 4401 4417 4457 4537 4592 4605 4629 4658 4700 4865 4896 4914 
#module 17 size: 14 bs: 4.13198e-10
5 63 167 563 577 643 724 1957 2232 2556 2787 3248 3559 4379 
#module 18 size: 34 bs: 2.91146e-05
387 527 798 811 1240 1570 1627 1886 1925 2014 2198 2267 2445 2556 2653 2755 3035 3093 3112 3159 3449 3649 3683 3710 4116 4234 4327 4367 4504 4634 4675 4688 4897 4916 
#module 19 size: 10 bs: 7.41172e-09
68 177 712 1095 1374 1479 1499 1658 2150 3248 
#module 20 size: 15 bs: 0.00210489
6 149 248 341 516 592 1370 1396 1525 1903 2228 2288 2482 2742 3104 
#module 21 size: 10 bs: 2.73993e-12
38 111 431 471 1081 1469 1705 3738 3874 4891 
#module 22 size: 46 bs: 0.0041345
144 357 542 554 567 921 993 1190 1208 1238 1418 1427 1497 1504 1706 1746 1876 1893 1944 1984 2151 2330 2377 2805 2823 2879 2896 3085 3156 3502 3596 3666 3762 3818 3835 3909 4204 4250 4389 4615 4780 4876 4937 4944 4964 4983 
#module 23 size: 27 bs: 0.000214592
7 37 92 356 713 715 1182 1230 1518 1969 2240 2642 2669 2894 2909 3391 3415 4006 4053 4180 4240 4313 4420 4491 4519 4565 4988 
#module 24 size: 46 bs: 0.0022765
24 377 649 814 830 843 1138 1218 1261 1341 1628 1919 1989 2044 2083 2102 2118 2159 2213 2275 2519 2797 3029 3041 3130 3194 3357 3381 3386 3474 3626 3827 4230 4254 4321 4546 4559 4570 4759 4850 4854 4907 4953 4976 4977 4995 
#module 25 size: 13 bs: 0.00231192
129 228 278 342 1421 1492 1603 1675 1929 2220 2333 2708 4414 
#module 26 size: 12 bs: 8.77842e-06
518 607 878 1087 1159 1580 1784 1866 1952 2104 2416 4581 
#module 27 size: 38 bs: 0.00201001
34 180 546 869 948 1175 1189 1238 1329 1456 1511 1673 1737 1783 2026 2043 2087 2338 2466 2666 2918 2943 3051 3304 3467 3549 3610 3756 3794 4070 4228 4235 4237 4312 4404 4844 4920 4958 
#module 28 size: 31 bs: 5.82209e-07
750 1432 1480 1548 1704 1868 1933 1974 2357 2765 2822 3187 3409 3599 3629 3736 3766 3857 3895 3914 3939 4226 4385 4573 4693 4707 4742 4744 4769 4770 4826 
#module 29 size: 30 bs: 4.84365e-06
259 316 432 568 570 676 1010 1312 2207 2239 2402 2517 2673 2773 2998 3061 3146 3294 3425 3430 3810 3958 4007 4042 4142 4350 4436 4480 4500 4607 
#module 30 size: 19 bs: 1.79538e-05
9 99 669 1070 1155 1302 1466 1814 2016 2173 2280 2502 2508 2685 3045 3084 3500 3606 3851 
#module 31 size: 14 bs: 0.00332328
119 689 804 810 897 993 1144 1161 1265 1362 1470 1949 2564 3406 
#module 32 size: 13 bs: 2.43242e-08
67 262 736 900 1393 1465 1553 1654 2261 2415 2458 2679 2966 
#module 33 size: 10 bs: 3.68629e-18
61 428 578 785 950 1026 1031 1228 1501 1670 
#module 34 size: 19 bs: 3.88407e-05
10 1019 1378 1565 1573 1698 1739 1787 1838 2028 2033 2044 2259 2597 2636 3185 3654 3719 3781 
#module 35 size: 28 bs: 0.000291845
106 256 911 1035 1385 2051 2258 2307 2352 2393 2407 2697 2928 3062 3089 3121 3168 3326 3600 3631 3872 3963 4272 4279 4282 4458 4479 4594 
#module 36 size: 15 bs: 6.09222e-08
11 179 860 1123 1584 1624 1634 2169 2286 2415 2528 2671 3055 3170 4488 
#module 37 size: 11 bs: 1.7022e-17
370 422 529 635 1058 1170 1626 1697 1901 1928 2075 
#module 38 size: 19 bs: 0.00944494
114 141 260 848 849 1094 1172 1351 1711 2096 2428 2550 2825 3207 3344 3586 3616 3675 4247 
#module 39 size: 37 bs: 0.00320021
109 1184 1195 1735 1759 1809 1960 1962 2120 2179 2321 2591 2596 2672 2956 3419 3619 3639 3729 3804 3822 3927 4010 4169 4202 4302 4371 4400 4409 4455 4630 4638 4738 4766 4813 4926 4987 
#module 40 size: 11 bs: 1.59509e-13
12 162 235 261 367 887 1168 1177 1236 2037 4187 
#module 41 size: 48 bs: 0.00567959
313 396 398 400 590 601 802 845 1056 1098 1154 1514 2148 2194 2212 2294 2362 2442 2452 2474 2495 2593 2856 2872 2977 3150 3215 3426 3596 3759 3834 3885 3913 3979 4257 4345 4377 4425 4726 4760 4833 4846 4875 4891 4909 4928 4973 4993 
#module 42 size: 27 bs: 0.0589807
312 368 503 533 610 1042 1233 1537 1712 1771 2869 3022 3108 3411 3516 3537 3742 3799 4080 4164 4242 4245 4353 4369 4376 4422 4452 
#module 43 size: 29 bs: 0.000319887
13 86 589 674 815 1121 1213 1740 2020 2181 2389 2515 2743 2997 3011 3274 3546 3912 4156 4272 4298 4402 4416 4508 4561 4569 4586 4625 4656 
#module 44 size: 17 bs: 1.51775e-10
488 574 667 742 899 1082 1397 1632 1851 2041 2342 2650 2770 2789 3139 3241 3455 
#module 45 size: 38 bs: 0.00558636
42 263 438 485 638 650 739 1202 1237 1398 1595 1702 1904 2039 2144 2619 2959 3169 3258 3334 3576 3876 3890 3911 3986 4091 4095 4219 4296 4356 4382 4438 4544 4671 4696 4771 4785 4808 
#module 46 size: 31 bs: 2.84134e-05
381 474 868 966 1020 1033 1269 1326 1349 1534 1663 1858 2110 2147 2710 2802 3228 3439 4081 4126 4153 4243 4355 4412 4484 4503 4657 4709 4748 4751 4820 
#module 47 size: 30 bs: 0.0011712
14 84 206 601 718 951 1097 1674 1699 2125 2138 2410 2538 2744 3132 3222 3226 3317 3453 3534 3624 3627 3717 3863 4085 4426 4666 4722 4866 4982 
#module 48 size: 44 bs: 0.00392811
679 920 962 1021 1207 1576 1585 1902 1927 1997 2178 2279 2301 2406 2476 2592 2713 2831 2868 3031 3078 3183 3299 3465 3545 3669 3734 3735 3815 4026 4071 4125 4147 4203 4210 4218 4292 4310 4460 4511 4646 4701 4911 4990 
#module 49 size: 27 bs: 0.00012687
306 430 1108 1183 1433 1611 1870 1898 1977 2006 2443 2462 2589 2729 2762 2830 3024 3107 3127 3134 3318 3508 3776 4149 4301 4453 4572 
#module 50 size: 22 bs: 1.18037e-08
238 373 566 612 730 1308 1484 2010 2227 2418 2647 2757 2855 3037 3368 3688 3732 3836 3922 4110 4213 4982 
#module 51 size: 24 bs: 0.000258161
75 80 202 496 600 790 1192 2070 2217 2231 2701 2798 2984 3242 3363 3591 3609 3662 3745 3775 3809 3923 3969 4374 
#module 52 size: 24 bs: 3.25058e-13
17 233 581 598 661 1614 1768 1794 1881 2068 2146 2188 2565 2716 2733 3564 3697 3784 3985 4019 4137 4177 4622 4776 
#module 53 size: 44 bs: 0.00417676
32 348 418 850 901 987 1297 1527 1766 1904 2283 2304 2378 2594 2717 2738 2748 2911 3005 3071 3450 3544 3554 3628 3845 3906 3924 4074 4147 4179 4181 4238 4252 4256 4440 4455 4553 4643 4665 4833 4847 4889 4931 4932 
#module 54 size: 22 bs: 2.67806e-14
16 90 335 353 477 1558 1559 1824 1936 1943 2344 2518 2613 2652 2692 3136 3295 3441 3720 3961 4159 4184 
#module 55 size: 27 bs: 0.000775276
170 345 575 979 1292 1301 2038 2086 2175 2413 2783 2905 3209 3314 3327 3345 3369 3469 3553 3687 3696 3738 3888 4039 4397 4644 4836 
#module 56 size: 26 bs: 0.0309595
197 555 829 885 1146 1239 1245 1255 1605 2029 2374 2465 2506 2511 2648 3014 3135 3206 3513 3584 3621 3689 3741 4020 4303 4361 
#module 57 size: 41 bs: 0.000102493
282 552 561 629 675 693 781 861 1702 2260 2391 2463 2578 2637 2698 2778 3043 3056 3133 3193 3240 3396 3613 3698 3740 3865 3902 4136 4140 4201 4611 4614 4673 4702 4741 4804 4806 4807 4865 4972 4984 
#module 58 size: 41 bs: 0.0050115
81 83 85 506 884 945 1136 1149 1156 1423 1515 1639 1852 1953 2390 2397 2566 2651 3025 3129 3158 3320 3380 3418 3493 3816 3948 4017 4174 4183 4314 4359 4651 4681 4721 4722 4764 4810 4838 4884 4981 
#module 59 size: 17 bs: 0.0141028
18 304 348 706 986 1132 1212 1428 1880 2353 2503 3028 3173 3175 3329 3589 4870 
#module 60 size: 36 bs: 0.00357941
522 716 1003 1051 1114 1364 1994 2380 2752 2876 2899 2953 3049 3073 3331 3541 3595 3765 3820 3978 4037 4156 4189 4221 4273 4320 4377 4454 4490 4494 4526 4803 4823 4960 4996 5000 
#module 61 size: 35 bs: 0.0012472
73 287 309 859 959 1028 1063 1288 1547 2246 2278 2512 2558 2563 2576 2605 2895 2987 3142 3585 3694 3802 3882 4130 4143 4206 4270 4283 4319 4340 4680 4710 4963 4970 4984 
#module 62 size: 29 bs: 0.000255694
318 334 388 421 470 645 711 734 903 1163 1386 1808 1931 2171 2408 2507 2714 2840 2864 2954 3052 3858 4044 4051 4129 4194 4198 4391 4564 
#module 63 size: 19 bs: 0.00633864
19 154 597 835 937 1110 1353 1633 1687 1841 2005 2340 2375 3202 3464 3569 3587 3642 3879 
#module 64 size: 47 bs: 3.80251e-06
288 337 466 735 1482 1526 1532 1678 1709 2127 2695 2701 2719 2814 2854 2914 2952 2958 3070 3083 3167 3325 3446 3485 3635 3754 3859 3901 3925 4068 4122 4154 4278 4295 4368 4372 4485 4514 4533 4534 4547 4554 4582 4632 4645 4683 4857 
#module 65 size: 13 bs: 2.74557e-06
20 511 558 1078 1231 1243 1545 1884 1999 2616 2700 2891 3817 
#module 66 size: 46 bs: 0.00369279
52 101 234 486 564 697 1009 1197 1462 1491 1580 2097 2236 2292 2480 2545 2571 2627 2633 2811 2955 2975 3013 3029 3148 3198 3288 3307 3392 3421 3423 3661 3699 3766 3770 4088 4092 4109 4223 4318 4347 4363 4852 4883 4893 4998 
#module 67 size: 34 bs: 0.00128462
26 171 315 492 782 1022 1101 1153 1166 1377 1382 1390 1756 1887 2323 2331 2422 2574 2834 3054 3068 3083 3155 3189 3556 3602 3786 4399 4419 4577 4720 4745 4797 4943 
#module 68 size: 50 bs: 0.0023291
20 65 122 184 211 241 258 270 391 403 605 733 775 873 922 1191 1721 1857 1921 1980 2011 2145 2349 2358 2398 2626 2741 2940 3016 3034 3198 3339 3529 3575 3950 4112 4127 4211 4246 4267 4275 4380 4540 4543 4590 4624 4717 4792 4888 4908 
#module 69 size: 13 bs: 3.46728e-16
21 175 294 355 1037 1131 1298 1357 1571 1760 2244 2483 4013 
#module 70 size: 32 bs: 0.000999905
290 346 508 528 1365 1435 1503 1726 1731 1789 2128 2274 2306 2436 2448 2471 2812 3086 3221 3638 3929 4128 4170 4231 4239 4299 4429 4498 4579 4587 4653 4685 
#module 71 size: 46 bs: 6.64104e-06
31 459 504 512 583 699 1000 1122 1322 1562 1598 1947 2364 2487 2516 2557 2745 2808 2858 2915 2985 3303 3308 3323 3350 3362 3379 3463 3603 3698 3777 3987 4139 4301 4342 4375 4403 4427 4580 4597 4648 4687 4874 4894 4903 4924 
#module 72 size: 27 bs: 0.0327783
448 478 520 808 916 980 1047 1409 1642 1879 2334 2409 2629 2633 2862 2873 2932 3006 3515 3525 3667 3671 3785 3903 3916 4493 4571 
#module 73 size: 18 bs: 1.36178e-07
105 214 308 1120 1570 1883 2300 2479 2694 2722 2937 3225 3244 3341 3562 3577 3713 4322 
#module 74 size: 47 bs: 0.0094631
155 274 489 545 586 997 1053 1112 1227 1263 1352 1416 1498 1833 2042 2328 2376 2392 2434 2540 2557 2595 2662 2769 2858 2961 3009 3199 3355 3579 3653 3729 3860 4026 4161 4171 4190 4285 4337 4602 4659 4692 4777 4809 4881 4961 4994 
#module 75 size: 18 bs: 9.35064e-05
25 333 487 876 889 957 1251 1442 1631 1964 2031 2184 2284 2929 2969 3109 4568 4715 
#module 76 size: 25 bs: 0.000435528
41 435 523 985 1044 1287 1555 1967 1983 2202 2256 2327 2484 2764 2804 2946 3200 3205 3592 3747 3813 3940 4254 4728 4754 
#module 77 size: 32 bs: 0.00176922
253 662 892 1258 1665 1753 1788 2066 2281 2394 2498 2615 2655 2907 2927 2978 3101 3398 3825 3875 4025 4287 4300 4364 4430 4444 4446 4515 4599 4620 4798 4800 
#module 78 size: 12 bs: 2.16732e-16
163 989 1115 1618 1644 1689 2154 2190 2322 2325 2379 2624 
#module 79 size: 29 bs: 1.03849e-06
141 606 682 796 1002 1222 1531 1785 2009 2414 2490 2699 3120 3243 3393 3468 3920 3953 4016 4135 4208 4288 4294 4449 4475 4507 4562 4705 4990 
#module 80 size: 15 bs: 3.36283e-05
27 424 555 620 778 1791 1840 2203 2424 3023 3124 3238 3847 4428 4523 
#module 81 size: 12 bs: 1.69352e-15
483 535 591 912 984 1075 1126 1165 1461 1579 4284 4566 
#module 82 size: 11 bs: 3.13706e-06
28 49 82 626 1035 1454 1471 1608 1971 2324 4629 
#module 83 size: 12 bs: 2.67706e-15
181 617 1119 1333 1410 1680 1874 2002 2167 2189 3649 4322 
#module 84 size: 24 bs: 7.69746e-05
145 503 668 807 1342 1637 1795 1961 1991 2454 2744 2827 2945 3008 3172 3714 3746 3779 3829 3848 3897 4000 4021 4336 
#module 85 size: 18 bs: 1.03593e-05
29 576 657 858 1186 1371 1420 1568 1829 2122 2371 2568 2643 2725 3267 3410 3704 3705 
#module 86 size: 27 bs: 4.39985e-10
384 433 1030 1059 1142 1383 1774 2254 2774 2801 2890 2941 3261 3375 3404 3499 3532 3647 3793 3869 3970 3973 4111 4244 4268 4552 4890 
#module 87 size: 42 bs: 0.00419992
97 98 464 595 942 956 1023 1027 1175 1472 1732 2239 2248 2317 2540 2617 2782 2972 3268 3299 3383 3492 3854 3960 3997 4055 4209 4326 4382 4517 4550 4636 4640 4649 4713 4737 4772 4853 4863 4880 4969 4999 
#module 88 size: 27 bs: 1.11657e-07
33 932 933 1151 1543 1804 1993 2314 2366 2477 2766 2817 2993 3208 3483 3769 4034 4100 4113 4114 4173 4182 4225 4323 4469 4674 4682 
#module 89 size: 22 bs: 1.04448e-13
62 166 307 326 556 640 1210 1458 1770 1973 2264 2501 2628 3048 3269 3417 3760 3792 3839 3852 3904 4059 
#module 90 size: 26 bs: 8.06209e-07
39 393 472 524 768 958 1256 1375 1652 2119 2170 2210 2464 2531 2534 2580 3117 3145 3319 3385 3700 4216 4344 4360 4456 4488 
#module 91 size: 47 bs: 0.00341735
172 189 357 452 499 618 918 1196 1311 1413 1701 1716 1757 1801 1816 1899 2046 2054 2312 2313 2510 2841 2967 2999 3218 3253 3336 3458 3494 3867 3945 3949 4032 4090 4255 4264 4474 4598 4619 4637 4662 4730 4750 4781 4824 4934 4991 
#module 92 size: 39 bs: 0.0021847
275 350 439 572 633 967 1451 1459 1694 2110 2157 2395 2678 2686 2728 2757 2960 3044 3313 3365 3395 3580 3726 4013 4176 4241 4269 4309 4478 4604 4627 4694 4762 4789 4873 4877 4940 4954 4975 
#module 93 size: 13 bs: 4.26509e-15
437 943 1388 1453 1641 2076 2263 2383 2478 2659 2691 2863 4799 
#module 94 size: 38 bs: 0.00177314
88 129 191 588 664 769 938 1029 1118 1455 1569 1592 1693 1892 2036 2095 2133 2435 2656 2939 3057 3348 3352 3477 3542 3632 3682 3767 3773 3846 3977 4078 4179 4316 4366 4850 4932 4971 
#module 95 size: 28 bs: 0.00118306
291 981 1414 1882 2370 2661 2779 2901 2948 2996 3036 3088 3165 3259 3277 3284 3405 3533 3565 3789 3856 4148 4293 4349 4588 4603 4611 4826 
#module 96 size: 19 bs: 0.0200928
34 100 587 919 983 1906 2199 2200 2737 2775 2776 2833 2898 3115 3337 3506 3806 3889 4912 
#module 97 size: 33 bs: 2.09347e-07
35 244 371 514 621 812 877 1193 1286 1564 1625 1869 2094 2108 2356 2687 2823 2853 3032 3223 3451 3481 3526 3656 3731 3739 3959 4447 4578 4660 4679 4692 4773 
#module 98 size: 15 bs: 4.70849e-08
120 250 451 553 1244 1347 1895 1914 1965 2160 2302 2721 3110 3239 4271 
#module 99 size: 32 bs: 8.85512e-08
165 209 251 717 753 1249 1368 1401 1538 1970 2126 2361 2405 2432 2596 3030 3131 3150 3220 3228 3356 3457 3791 3972 3980 3990 4066 4185 4487 4631 4757 4879 
#module 100 size: 11 bs: 3.93565e-17
36 550 704 709 725 853 925 1477 1648 1733 2071 
#module 101 size: 37 bs: 0.00696074
131 458 653 780 867 991 1140 1220 1424 1676 1734 1792 2061 2163 2272 2287 2447 2543 2600 2794 3311 3814 4384 4521 4585 4621 4639 4714 4747 4761 4818 4848 4849 4925 4987 4989 4992 
#module 102 size: 32 bs: 0.000388635
195 314 328 339 362 493 525 631 637 784 972 1045 1390 1643 1782 2635 2644 2852 2872 3047 3116 3197 3695 3874 3878 3930 4124 4280 4461 4712 4758 4765 
#module 103 size: 47 bs: 0.0144622
172 303 305 619 641 662 774 1004 1086 1329 1502 1799 1830 1865 2059 2216 2627 3201 3232 3373 3406 3424 3689 3750 3829 3900 3928 4035 4104 4157 4195 4462 4482 4512 4520 4528 4610 4711 4763 4775 4784 4802 4828 4855 4912 4935 4936 
#module 104 size: 46 bs: 0.00360672
193 405 513 599 622 743 797 803 890 1207 1316 1652 1736 1802 1888 2117 2121 2142 2252 2610 2681 2870 2920 3092 3227 3255 3291 3412 3475 3538 3688 3723 3932 4045 4052 4141 4172 4227 4334 4530 4563 4677 4724 4755 4832 4957 
#module 105 size: 44 bs: 0.000136882
199 220 560 729 1291 1500 1666 1718 1797 1889 1915 2065 2130 2339 2523 2546 2795 2848 3122 3166 3260 3262 3289 3370 3604 3761 3768 3823 3849 3875 3918 4022 4188 4347 4417 4509 4529 4567 4575 4584 4609 4774 4974 4985 
#module 106 size: 19 bs: 0.0233636
40 229 364 1307 1438 1544 1822 2057 2277 2514 2548 2842 3075 3103 3528 3614 3840 4277 4841 
#module 107 size: 36 bs: 0.00247246
101 113 389 642 1005 1600 1839 2315 2607 2664 2851 2990 3238 3288 3324 3335 3504 3510 3630 3660 3832 4286 4289 4395 4398 4531 4618 4626 4642 4672 4753 4786 4837 4844 4913 4933 
#module 108 size: 21 bs: 3.01224e-14
93 257 462 680 927 1303 2091 2155 2336 2401 2485 2608 2684 2857 2880 3125 3161 3758 3780 3993 4072 
#module 109 size: 31 bs: 0.0012675
242 953 1415 1793 1835 1998 2078 2547 2813 2893 2982 3067 3081 3129 3291 3521 3552 3668 3701 3951 4106 4199 4233 4259 4304 4352 4415 4606 4663 4695 4698 
#module 110 size: 21 bs: 0.0130911
264 358 847 975 1199 1217 1610 1992 2149 2606 2634 2870 2973 2979 3027 3347 3479 3551 3568 4008 4096 
#module 111 size: 26 bs: 0.000535644
44 186 407 627 1263 1301 1407 1430 1541 1662 1975 2090 2133 2316 2792 2964 3097 3141 3175 3234 3446 3519 3711 3943 4393 4816 
#module 112 size: 11 bs: 0.00317465
43 539 866 954 1080 1392 1463 1528 1847 2027 4716 
#module 113 size: 49 bs: 0.0107618
157 461 822 904 1223 1540 1655 1685 1706 1725 2349 2422 2423 2436 2441 2456 2566 2674 2768 3286 3351 3374 3382 3437 3438 3503 3563 3601 3753 3788 3801 3887 3891 3965 4030 4131 4144 4217 4370 4628 4673 4732 4749 4782 4868 4886 4929 4978 4997 
#module 114 size: 27 bs: 0.000330028
69 245 401 791 864 982 1356 1442 2015 2150 2211 2444 2460 2493 2586 2949 2981 3090 3378 3597 3721 3748 3844 4002 4047 4103 4992 
#module 115 size: 22 bs: 9.44261e-05
74 117 340 692 770 777 913 996 1551 1612 1692 2187 2193 2582 3038 3397 3484 3514 4056 4247 4277 4414 
#module 116 size: 13 bs: 1.52059e-16
45 286 490 1429 1599 1905 2308 2455 2559 2622 2668 2711 2727 
#module 117 size: 42 bs: 0.000902147
46 416 776 905 908 964 1148 1293 1623 1624 1681 1807 1827 1849 1862 2115 2125 2176 2815 2871 2881 2885 2889 2962 3039 3229 3276 3648 3718 3826 3931 3937 4134 4315 4435 4465 4477 4539 4669 4839 4859 4869 
#module 118 size: 10 bs: 5.0571e-15
531 1295 1373 1412 1561 3265 3397 3418 3693 3819 
#module 119 size: 48 bs: 0.0184792
58 283 289 695 806 965 1221 1530 1582 1657 1696 1954 2088 2143 2604 2886 2888 2951 2991 3010 3266 3278 3315 3401 3572 3763 3974 3989 4036 4040 4138 4163 4308 4328 4329 4348 4431 4492 4516 4568 4633 4655 4691 4704 4768 4864 4906 4939 
#module 120 size: 44 bs: 0.003038
47 133 232 285 832 916 1011 1205 1259 1449 1529 1806 1873 1890 1934 1979 1990 2012 2113 2219 2473 2530 2989 3118 3245 3263 3403 3535 3557 3559 3805 3873 4121 4413 4468 4551 4609 4612 4794 4813 4862 4871 4878 4900 
#module 121 size: 45 bs: 0.00333512
48 182 441 456 726 800 1006 1025 1190 1381 1414 1426 1490 1517 1522 1591 1671 1700 1753 2000 2467 2537 2577 2829 2877 3082 3177 3285 3367 3392 3598 3622 3679 3722 3898 4107 4175 4250 4340 4548 4581 4788 4930 4964 4966 
#module 122 size: 16 bs: 0.00572967
109 225 277 834 1289 1586 1761 1984 2168 2562 2693 2715 3033 3128 3204 4271 
#module 123 size: 25 bs: 4.4439e-10
50 1048 1271 1363 1384 1452 1780 1946 1986 2158 2677 3053 3058 3067 3100 3160 3511 3620 3744 4168 4196 4266 4280 4386 4873 
#module 124 size: 12 bs: 6.62129e-08
51 216 271 297 366 955 2079 2221 2421 2450 4243 4442 
#module 125 size: 30 bs: 0.000437599
55 152 608 888 949 1478 1489 1622 1854 2116 2232 2247 2403 2457 2801 3147 3402 3524 3528 3582 3607 3787 3883 3975 4060 4062 4094 4099 4558 4739 
#module 126 size: 11 bs: 3.27429e-17
146 705 902 971 1554 1683 1877 2062 2180 2285 2296 
#module 127 size: 26 bs: 0.0572784
70 236 824 939 1034 1093 1473 1636 1677 1836 1863 2208 2326 2756 2944 3065 3265 3364 3634 3640 3830 3877 3886 3896 4224 4439 
#module 128 size: 26 bs: 2.36474e-11
53 60 64 665 702 720 1282 1355 2052 2092 2532 2630 2663 2786 2854 3059 3280 3358 3407 3518 3523 3752 3983 3988 4003 4151 
#module 129 size: 32 bs: 0.000846032
137 248 296 611 809 995 1152 1324 1404 1664 1745 2266 2625 3080 3087 3340 3354 3394 3664 3941 4262 4346 4351 4354 4381 4406 4410 4497 4566 4591 4635 4821 
#module 130 size: 19 bs: 4.74779e-14
54 174 547 658 1296 1864 2337 2469 2470 2910 3214 3328 3427 3486 3622 3680 3812 3855 4134 
#module 131 size: 20 bs: 1.11516e-08
690 767 1054 1102 1103 1258 1556 1715 1747 2369 2793 3021 3080 3488 3617 3643 3692 3934 4015 4169 
#module 132 size: 38 bs: 0.00360642
56 87 330 420 530 543 749 825 857 863 1068 1362 1693 1775 1811 2936 2994 3396 3636 3641 3712 3715 3767 3771 4018 4024 4054 4162 4261 4536 4743 4783 4793 4842 4858 4861 4917 4941 
#module 133 size: 15 bs: 2.09907e-10
57 468 500 882 1211 1337 1464 1516 1560 1574 1669 2082 2743 3099 4731 
#module 134 size: 16 bs: 5.66005e-08
222 596 707 738 1109 1224 1285 1340 1842 1937 1965 2522 2904 3236 3297 3566 
#module 135 size: 19 bs: 2.88284e-11
731 789 1036 1201 1405 1542 1767 1776 1819 2004 2105 2807 2846 2860 3196 3351 3415 3709 4768 
#module 136 size: 43 bs: 0.00336364
121 276 380 390 445 538 624 687 819 1001 1216 1327 1615 1812 1907 1955 2144 2255 2319 2607 2900 2906 2976 3026 3230 3333 3448 3624 3733 3800 4014 4040 4076 4123 4388 4448 4505 4644 4752 4836 4851 4919 4952 
#module 137 size: 13 bs: 9.76675e-14
59 147 410 417 495 994 1270 1275 1496 1762 2731 3165 3588 
#module 138 size: 23 bs: 9.61904e-13
108 194 243 319 727 817 1487 1509 1786 1844 2396 2916 3216 3279 3461 3536 3566 3935 3946 3996 4097 4206 4255 
#module 139 size: 32 bs: 1.63831e-09
369 766 875 1107 1141 1268 1436 1444 1552 1594 1749 1763 2497 3076 3079 3170 3179 3428 3440 3670 3677 3984 4186 4396 4467 4525 4532 4616 4703 4767 4812 4830 
#module 140 size: 33 bs: 2.90491e-10
196 269 399 1278 1313 1825 2085 2129 2223 2290 2346 2820 2867 3272 3310 3491 3570 3884 3993 4075 4102 4229 4330 4408 4481 4482 4567 4623 4671 4676 4682 4684 4831 
#module 141 size: 16 bs: 7.03427e-05
281 722 840 863 894 1076 1305 1427 2003 2541 2810 3212 3264 3501 3997 4655 
#module 142 size: 49 bs: 0.00687374
65 185 411 469 539 634 652 1038 1437 1508 1521 1557 1587 1596 1769 1850 2080 2109 2816 2939 2961 3000 3019 3098 3261 3281 3652 3702 3914 3947 4073 4078 4306 4343 4358 4362 4379 4472 4518 4552 4719 4746 4776 4834 4843 4887 4923 4927 4986 
#module 143 size: 15 bs: 0.00253205
69 92 594 841 1254 1379 1391 1419 1684 1800 2621 2660 2859 2980 3186 
#module 144 size: 16 bs: 7.7346e-06
123 273 614 813 1072 1104 1157 1225 1230 1467 1581 1845 2081 2152 2345 2719 
#module 145 size: 10 bs: 2.25176e-12
72 646 719 1060 1079 1105 1315 1338 1650 2793 
#module 146 size: 12 bs: 5.54569e-17
71 168 204 517 721 805 1335 1578 1744 1846 2056 2067 
#module 147 size: 24 bs: 0.0215034
73 223 549 582 654 787 1171 1450 1724 1917 2140 2542 2837 2988 3388 3749 3778 3905 3971 4028 4150 4152 4260 4297 
#module 148 size: 21 bs: 5.46119e-05
203 409 700 821 1246 1588 1713 1843 1939 2013 2017 2134 2268 2472 2658 2753 2759 3003 3579 3793 4146 
#module 149 size: 16 bs: 1.0409e-13
534 895 1007 1073 2055 2233 2706 2908 3113 3157 3195 3300 3305 3371 4720 4740 
#module 150 size: 10 bs: 4.57887e-06
803 1127 1253 1309 1447 1476 1686 1722 3742 4190 
#module 151 size: 22 bs: 1.8666e-07
77 374 404 446 515 636 763 1431 1472 2073 2112 2431 2749 2790 3190 3306 3330 3400 3555 3655 3962 4155 
#module 152 size: 16 bs: 2.34356e-15
240 963 988 1065 1147 1234 2135 2257 2363 2553 2561 2720 2838 2971 3250 3681 
#module 153 size: 10 bs: 1.78112e-14
78 150 156 310 413 872 1041 1267 1331 1695 
#module 154 size: 41 bs: 8.93787e-05
79 118 372 397 593 746 1350 1575 1690 1772 1773 1793 2035 2114 2139 2288 2453 2866 2966 3001 3217 3233 3513 3783 3850 3944 3964 3967 4200 4212 4333 4424 4466 4535 4555 4589 4595 4740 4790 4816 4829 
#module 155 size: 40 bs: 0.00101611
412 541 559 771 826 1365 1720 1790 1966 2049 2077 2113 2123 2183 2310 2459 2491 2509 2567 2639 2892 3060 3287 3361 3527 3838 3877 3908 4105 4165 4222 4232 4317 4432 4464 4499 4545 4608 4892 4949 
#module 156 size: 15 bs: 2.9059e-05
714 809 866 1085 1274 1619 1738 2191 2468 2535 2897 2903 2935 4146 4884 
#module 157 size: 16 bs: 2.26932e-14
324 723 792 910 1179 1219 1328 1408 1475 1481 1748 2579 2751 3390 3498 4981 
#module 158 size: 14 bs: 0.00592397
107 266 572 837 915 1160 1493 2214 2335 2499 2554 2632 3147 4979 
#module 159 size: 19 bs: 9.15118e-12
200 284 442 454 519 660 1304 1343 1803 1995 2251 2570 3094 3235 3285 3360 3651 3861 4356 
#module 160 size: 39 bs: 0.00226089
169 231 852 893 983 1277 1294 1781 1853 1923 2093 2222 2276 2309 2529 2572 2688 2818 3184 3317 3353 3452 3460 3581 3593 3691 3707 3880 4041 4264 4392 4471 4501 4686 4699 4723 4756 4948 4967 
#module 161 size: 22 bs: 2.81927e-08
116 265 532 1018 1549 1963 2024 2106 2235 2765 2817 2995 3114 3384 3519 3646 3693 3824 4098 4145 4428 4870 
#module 162 size: 10 bs: 1.66737e-11
91 507 666 681 760 947 1276 1358 2698 4423 
#module 163 size: 17 bs: 7.45265e-05
764 783 1003 1272 1798 1896 1987 1996 2032 2079 2271 2293 3064 3611 4337 4423 4565 
#module 164 size: 13 bs: 1.6263e-19
1055 1200 1247 1260 1283 1334 1348 1406 1810 1924 2058 2234 2680 
#module 165 size: 14 bs: 6.30877e-12
94 188 322 467 828 923 1250 1640 2069 2411 2560 2705 4494 4988 
#module 166 size: 15 bs: 7.86801e-11
95 159 375 476 677 1039 1049 1751 1913 1920 2021 2355 2963 2968 2976 
#module 167 size: 11 bs: 1.13404e-09
96 361 482 673 708 931 1176 1319 1789 1821 2269 
#module 168 size: 46 bs: 0.00795955
227 478 788 851 870 1117 1169 1209 1220 1257 1499 1546 1617 1801 1923 1941 2022 2141 2329 2526 2536 2912 2938 3126 3282 3454 3512 3573 3608 3623 3644 3645 3650 3676 3684 3730 4023 4132 4160 4220 4335 4412 4795 4805 4904 4942 
#module 169 size: 17 bs: 1.80867e-15
151 365 656 694 696 1314 1460 1506 1535 1826 2074 2165 2305 2419 2732 2875 3316 
#module 170 size: 30 bs: 0.000866086
264 268 602 759 1372 1885 1951 2072 2098 2431 2665 2696 2803 3066 3096 3154 3182 3257 3290 3408 3431 3590 3842 4006 4166 4274 4801 4841 4849 4933 
#module 171 size: 16 bs: 0.00675548
103 140 187 340 395 616 698 1187 1797 1950 2206 2277 2682 3042 3219 4597 
#module 172 size: 28 bs: 0.000250296
1057 1099 1539 1710 1755 1831 2282 2412 2865 2933 3056 3140 3210 3237 3571 3686 3782 3803 3992 4033 4064 4108 4215 4258 4311 4338 4394 4531 
#module 173 size: 10 bs: 1.74412e-13
104 115 255 299 392 579 701 1206 1226 3798 
#module 174 size: 12 bs: 8.35353e-06
154 402 992 1040 1494 1550 1638 2153 2354 2494 4242 4910 
#module 175 size: 13 bs: 1.69526e-15
158 311 497 1425 1524 1719 1758 2101 2182 2241 2386 2500 4890 
#module 176 size: 43 bs: 0.00240742
292 295 317 773 884 969 1008 1046 1071 1409 1606 1607 1615 1657 1978 2166 2602 2612 2667 2704 2772 3004 3050 3102 3251 3342 3343 3399 3496 3560 3599 3862 3921 3966 4084 4253 4341 4442 4652 4779 4814 4835 4938 
#module 177 size: 10 bs: 2.74303e-17
112 751 816 1088 1090 1167 1204 1281 1402 1813 
#module 178 size: 30 bs: 0.0588923
564 571 573 671 815 914 976 1062 1205 1320 1345 1510 1649 1878 1912 1975 2040 2218 2521 2845 2928 2992 3281 3841 3871 4387 4445 4596 4729 4733 
#module 179 size: 40 bs: 0.00115141
153 352 440 502 537 571 710 741 936 1299 1583 2124 2291 2341 2412 2496 2689 2925 3111 3178 3201 3442 3456 3466 3472 3520 3561 3594 3831 3991 4001 4004 4011 4205 4366 4450 4524 4706 4819 4885 
#module 180 size: 23 bs: 9.70049e-05
548 628 700 1012 1180 1400 1468 1495 1779 1930 2050 2351 2368 2481 2670 2718 3188 3706 3881 3942 4077 4214 4670 
#module 181 size: 14 bs: 1.25333e-05
124 160 237 890 1241 2156 2209 2311 2573 2785 2849 2913 2922 4929 
#module 182 size: 23 bs: 0.000270762
408 732 881 946 1070 1077 1330 1336 1366 1434 1661 2250 2808 3224 3240 3366 3482 3681 3976 4048 4158 4276 4799 
#module 183 size: 20 bs: 2.72655e-11
125 138 351 359 414 580 758 772 1043 1834 1916 2047 2809 3203 3321 3476 3507 3755 4009 4031 
#module 184 size: 16 bs: 8.02691e-06
126 127 376 648 843 862 898 936 977 1137 1651 2025 2618 3072 3292 3797 
#module 185 size: 17 bs: 6.63774e-08
280 327 1262 1523 1734 1828 2143 2404 2427 2551 2599 2614 2645 2754 2767 2799 3434 
#module 186 size: 25 bs: 5.38096e-10
217 221 320 480 1235 2023 2060 2513 2843 2847 2878 3137 3349 3376 3432 3449 3462 3605 3828 3956 4050 4079 4251 4305 4678 
#module 187 size: 13 bs: 3.75425e-05
332 526 605 854 1074 1284 2365 2640 2902 2919 4166 4390 4408 
#module 188 size: 10 bs: 0.000360897
132 183 321 331 443 733 833 1248 1653 1723 
#module 189 size: 19 bs: 1.80027e-13
161 246 463 505 748 865 1486 1536 1727 1855 1897 2425 2524 3123 3298 3550 3665 4505 4995 
#module 190 size: 12 bs: 0.000990635
134 201 363 831 998 1092 1616 1777 1900 1956 2295 2384 
#module 191 size: 23 bs: 0.000130646
135 212 639 685 782 978 1264 1691 1832 2201 2575 2598 2709 3018 3046 3422 3471 3530 4076 4082 4083 4193 4693 
#module 192 size: 12 bs: 3.08906e-13
136 218 799 823 1100 1411 2100 2204 2229 2433 3163 4587 
#module 193 size: 17 bs: 0.000118542
213 793 1318 1446 1604 1728 1831 1958 2505 2724 3162 3166 3249 3420 3588 3817 4754 
#module 194 size: 11 bs: 2.64202e-07
142 406 452 688 874 930 974 1601 1741 1894 1908 
#module 195 size: 17 bs: 1.38786e-09
148 684 844 886 1252 1730 1982 1985 2018 2048 2848 2983 3095 3106 3567 4047 4067 
#module 196 size: 15 bs: 0.058155
190 385 498 846 1602 1764 2030 2099 2103 2161 2224 2426 2489 2904 4012 
#module 197 size: 16 bs: 1.78093e-05
229 425 455 1016 1032 1300 1566 1818 1942 2475 2746 2796 3192 3858 3907 4105 
#module 198 size: 10 bs: 0.000379186
164 302 344 651 711 801 968 1066 1474 1743 
#module 199 size: 16 bs: 9.18657e-06
176 279 301 429 557 623 644 761 1287 1935 2142 2646 3002 3171 3176 3256 
#module 200 size: 13 bs: 2.8118e-11
226 325 1198 1817 1872 1875 2034 2249 2265 2270 2539 2552 2783 
#module 201 size: 18 bs: 5.66774e-08
173 457 625 683 879 1145 1164 1360 1859 1863 2226 2533 2654 2847 2986 3283 3416 3497 
#module 202 size: 17 bs: 5.33849e-07
419 450 961 990 1013 1572 1577 1778 2019 2583 2683 2836 2841 2850 4314 4357 4466 
#module 203 size: 10 bs: 6.49443e-10
192 207 249 473 565 786 1279 1395 1679 1811 
#module 204 size: 10 bs: 6.55075e-16
178 386 415 907 1084 1129 1439 1629 3511 4585 
#module 205 size: 18 bs: 3.8644e-12
465 501 562 906 934 1346 1387 1441 1457 1750 1754 1981 2332 2549 2657 2777 3539 3808 
#module 206 size: 10 bs: 4.85774e-07
183 239 272 336 510 839 960 1280 1440 3797 
#module 207 size: 15 bs: 2.59353e-08
247 540 659 1135 1589 1708 1880 1891 2387 2609 2736 2950 3149 3163 3164 
#module 208 size: 15 bs: 1.82986e-14
737 1125 1359 1485 1590 1867 2132 2242 2611 2791 2931 3012 3151 4095 4187 
#module 209 size: 10 bs: 1.46411e-07
210 453 551 613 795 818 856 1050 1290 1306 
#module 210 size: 17 bs: 1.55523e-15
205 436 584 827 999 1422 1505 1909 2064 2373 2488 2603 2638 2641 3180 3509 3612 
#module 211 size: 15 bs: 3.89619e-15
208 378 569 603 838 880 1620 1646 1837 1926 1976 2253 2784 3231 4342 
#module 212 size: 18 bs: 2.84365e-15
230 252 447 632 757 1507 1668 1703 2400 2690 2739 2819 2874 3015 3017 3213 3547 3690 
#module 213 size: 19 bs: 0.000100166
382 1064 1069 1541 1609 1778 1856 1932 2230 2399 2437 2569 2703 2788 3211 3447 3470 3737 4061 
#module 214 size: 10 bs: 1.36852e-06
338 449 536 604 926 944 1173 1229 1519 2295 
#module 215 size: 10 bs: 6.1009e-13
347 609 924 1083 1106 1130 1533 1621 1815 4728 
#module 216 size: 11 bs: 1.38683e-10
703 973 1214 1321 1325 1593 1647 1948 1968 2861 4952 
#module 217 size: 28 bs: 0.00159103
379 491 1133 1332 1400 1520 1672 1729 2381 2417 2885 2926 3032 3278 3899 4012 4061 4265 4390 4418 4489 4574 4623 4647 4674 4689 4829 4996 
#module 218 size: 12 bs: 1.20266e-05
622 745 883 896 1415 1714 2107 2164 2303 2397 2438 4511 
#module 219 size: 10 bs: 3.96859e-11
663 752 754 1014 1067 1399 1567 2577 3727 3891 
#module 220 size: 10 bs: 8.39043e-10
672 747 794 855 1317 1367 1369 1394 1635 2097 
#module 221 size: 15 bs: 3.01056e-14
756 891 1134 2008 2172 2245 2429 2492 2723 2750 2806 3063 3152 3727 4638 
#module 222 size: 26 bs: 1.00129e-12
110 475 820 909 1323 1488 1688 1707 1820 2063 2388 2451 2712 2947 3138 3377 3436 3490 3892 3995 4281 4291 4365 4437 4613 4866 
#module 223 size: 28 bs: 0.000840296
198 300 481 686 836 1273 1563 1587 1660 1752 2053 2298 2299 2385 2676 2800 3293 3618 3772 3814 4090 4191 4248 4407 4437 4476 4506 4522 
#module 224 size: 49 bs: 1.58835e-05
22 128 215 935 1124 2440 2486 2520 2702 2818 2919 2923 3074 3105 3252 3271 3302 3322 3381 3444 3460 3473 3573 3589 3687 3744 3775 3807 3847 4046 4101 4167 4357 4405 4433 4443 4459 4473 4538 4580 4641 4670 4715 4815 4840 4895 4947 4956 4968 
#module 225 size: 49 bs: 0.0164659
23 134 139 521 870 1150 1185 1221 1376 1806 1911 2177 2273 2320 2449 2644 2740 2861 2882 2921 2940 2949 2957 3116 3312 3332 3372 3470 3558 3601 3694 3822 3936 3954 3969 4049 4120 4370 4383 4489 4523 4542 4549 4576 4621 4622 4787 4924 4962 
