0	1
0	25
0	33
0	37
0	45
0	89
0	103
0	105
0	109
1	19
1	29
1	30
1	35
1	55
1	79
1	94
1	101
2	2
2	6
2	13
2	15
2	32
2	39
2	47
2	60
2	64
2	100
2	106
3	3
3	5
3	10
3	40
3	52
3	72
3	74
3	81
3	84
3	98
3	102
3	107
4	44
4	48
4	57
4	66
4	75
4	86
4	91
4	92
4	110
4	112
5	36
5	42
5	80
5	82
5	90
6	12
6	14
6	18
6	26
6	31
6	34
6	38
6	43
6	54
6	61
6	71
6	85
6	99
7	0
7	4
7	9
7	16
7	23
7	41
7	93
7	104
8	7
8	8
8	21
8	22
8	51
8	68
8	77
8	78
8	108
8	111
9	17
9	20
9	27
9	56
9	62
9	65
9	70
9	76
9	87
9	95
9	96
9	113
10	11
10	24
10	50
10	59
10	63
10	69
10	97
11	28
11	46
11	49
11	53
11	58
11	67
11	73
11	83
11	88
11	114
