642 857 659 789 791 548 816 55 313 336 212 853 377 473 90 92 606 609 866 868 102 615 107 752 502 889 379 764
522 15 785 914 924 934 50 52 321 963 324 75 504 983 217 475 605 356 231 360 625 757 886 120 767
643 267 141 532 793 796 286 417 164 423 683 45 447 707 453 585 205 88 736 108 369 248 505
772 517 136 482 530 280 284 416 551 42 302 304 693 182 703 70 843 845 462 340 89 347 353 738 786 879
640 1 258 9 523 652 275 410 669 298 694 62 191 581 583 78 593 468 727 729 746 114 758 319 638
384 259 12 653 399 144 147 27 35 166 814 568 573 710 716 589 210 595 219 784 355 613 487 244
130 134 519 521 395 527 663 926 289 802 680 328 434 436 440 825 574 320 840 201 717 463 848 312 338 591 860 93 607 737 740 870 751 630
897 2 7 393 783 279 153 666 425 263 172 174 431 561 826 957 198 718 337 859 698 99 617 501 252 637
803 580 38 167 619 684 237 623 432 113 274 562 691 566 183 216 100 603 348 157 575
260 389 276 406 804 753 48 563 192 578 586 82 724 344 96 354 614 744 367 496 616 632 122
704 33 579 667 326 161 488 169 295 303 689 498 627 533 343 536 539 412 491
397 910 272 19 668 160 427 813 308 442 833 834 195 335 592 58 227 229 892 877 622 636 511
770 811 264 905 778 16 149 285 709 932 165 936 553 170 939 942 817 51 948 311 444 842 446 451 452 965 582 200 841 970 971 994 465 83 981 855 966 345 331 604 94 421 352 610 123 612 363 620 749 494 317 626 756 958 888 633 251 508 893 126 639
513 387 17 135 520 307 919 525 782 400 145 18 404 22 23 792 218 415 32 801 290 37 807 296 554 301 947 692 309 310 823 955 316 445 702 64 706 196 822 839 31 951 207 450 978 66 84 526 86 986 476 861 350 293 480 995 484 101 358 743 1000 956 679 364 493 239 885 933 999 213
512 771 133 262 529 283 156 798 674 36 426 567 59 73 466 723 341 599 472 479 486 728 112 243 503
132 5 396 143 152 277 408 546 681 565 438 184 437 322 196 209 469 988 624 246 631 125
4 779 13 788 405 26 419 676 677 678 433 552 43 557 177 185 829 455 332 334 721 730 991 481 230 849 874 621 110 111 117 247 891 106 865
390 654 273 403 541 670 34 6 806 808 41 171 688 49 193 323 719 222 351 362 238 245 119 634 509
386 899 44 907 268 655 402 20 537 809 682 940 175 560 818 87 187 556 588 973 852 471 732 349 862 741 993 996 485 103 368 629 759 916 635
513 135 520 908 706 400 145 18 404 792 415 290 37 807 296 301 307 309 310 955 956 702 450 196 839 207 978 66 86 218 350 549 679 995 743 999 239 885
896 129 470 300 941 921 920 281 543 544 176 937 299 812 429 47 944 305 820 777 735 288 325 977 851 982 601 223 871 878 381 383
528 733 651 68 359 392 202 555 428 398 495 208 584 443 648 155 53 11 249 571 253
774 8 270 28 30 287 518 686 695 697 572 330 835 708 713 74 590 850 85 600 873 490 109 254 760 506 382
387 919 525 782 17 22 23 31 32 801 933 554 943 947 692 822 823 445 64 961 951 84 526 986 476 861 293 480 484 101 358 1000 364 493 762 213
768 769 904 649 906 787 148 411 797 795 420 882 115 60 138 63 705 199 712 203 460 77 339 597 225 235 365 497 370 755 118 766
388 900 775 650 656 535 516 922 422 903 945 179 564 184 315 576 67 454 714 972 226 976 952 722 980 598 346 992 98 380 234 628 124
3 776 394 271 531 661 534 151 418 675 39 690 439 314 700 448 327 80 594 291 91 232 188 233 376 761
256 770 811 514 149 545 163 932 165 936 553 170 939 817 51 311 970 582 200 841 842 846 465 83 855 345 988 94 992 749 317 756 888 633 893 639
363 264 905 778 16 146 558 285 709 421 942 925 178 948 444 266 958 451 965 966 971 610 981 331 604 352 994 123 46 620 494 626 371 446 251 508 126
257 137 13 142 658 405 790 26 158 935 43 433 831 960 457 458 984 858 988 989 478 991 864 997 618 748 750 880 754 499 887 106 895
131 261 909 401 913 660 21 662 154 923 884 773 116 424 559 435 180 181 56 569 954 194 964 596 215 856 890 739 657 105 240 881 500 121 250 894
515 901 646 647 781 918 278 409 665 928 673 805 747 819 950 441 699 701 830 959 711 969 459 81 979 985 477 734 863 97 867 998 872 745 875 104 507 510
641 391 780 911 917 407 282 29 159 931 685 54 824 186 828 832 224 962 968 972 974 720 547 342 984 474 990 608 611 489 211 374 378
128 902 492 140 912 917 150 24 25 540 542 800 173 815 949 696 827 190 449 587 838 329 715 76 461 847 726 220 221 357 361 876 241 242 372 375
385 645 265 10 524 269 915 21 918 794 31 929 162 292 550 168 687 306 57 671 960 836 197 71 72 844 930 206 333 464 725 854 953 731 988 975 127 236 366 40 883 373 763 765 255
898 644 133 65 139 14 664 538 413 414 927 672 294 297 810 430 946 821 837 570 799 189 318 577 69 967 456 204 79 467 214 602 987 95 483 228 869 742 871 61 938
