449 355 260 134 97 264 370 526 399 104 146 626 319
653 651 196 679 424 553 617 555 695 910 941 499 308 935 150 471 537 922 763 671
608 352 580 582 426 139 12 461 366 111 59 606
385 259 132 261 136 907 909 912 405 668 804 45 942 688 438 312 694 327 840 969 36 731 989 994 611 996 237 622 887 890 252 637 511
1 898 133 142 15 153 410 286 37 807 948 842 192 578 374 968 202 209 868 911 737 612 874 118
98 99 388 71 329 172 434 430 114 35 90 253 30
64 70 230 423 105 330 535 334 726 560 273 595 56 918 9 824 921 442 361 778 325
608 352 580 426 139 12 461 366 111 462 59 606
33 420 262 678 7 201 42 556 93 272 144 373 681 120 100 794 795 26 309
256 155 10 242 113 274 244 55 601 347
609 482 219 615 459 301 654 88 498 19 727 664 83 538 539 317
136 394 145 786 785 295 680 815 176 53 187 444 448 453 711 843 591 82 84 731 719 529 747 756 888 639
256 129 130 775 393 10 914 155 496 674 39 938 50 949 567 953 954 829 318 437 833 835 964 967 712 970 55 290 974 977 978 212 347 988 480 739 551 274 240 113 242 244 980
162 390 198 173 110 306 21 280 443 63
256 545 155 10 242 113 274 244 55 347
1 898 133 142 911 16 153 410 286 37 807 948 202 192 578 374 968 842 209 87 868 737 612 874 112 118
130 775 393 266 270 914 674 551 938 50 949 567 953 954 188 829 318 437 833 835 964 967 712 970 183 290 974 977 978 211 212 345 988 480 739 742 365 496 243 980 250
418 166 487 74 491 533 467 180 149 185 376 153 698 127 221 436 159
325 230 521 778 535 334 726 560 273 595 9 126 918 105 824 921 56 330 442 202 361
519 265 139 14 400 787 25 796 797 158 160 294 939 300 431 690 820 670 310 574 966 353 614 488 876 749 885 889 379 382
652 16 174 923 287 167 425 814 817 818 307 569 573 963 332 845 846 80 465 851 341 986 348 866 337 872 489 107 620 500
144 66 707 100 262 678 7 681 42 556 93 272 84 309 201 120 420 26 795 794
641 803 676 37 422 657 425 586 203 109 112 209 532 693 708 475 316 522 766
161 130 291 229 38 199 584 263 463 368 407 248 380 447
292 805 6 391 588 618 331 76 495 848 440 562 372 245 853 696 356 478 837
3 101 392 492 303 147 179 218 421
770 603 548 645 689 450 47 721 402 83 772 228 27 413 542 223
897 517 521 650 19 239 164 171 686 831 321 915 720 849 725 857 346 732 477 95 867 748 879 627 119 634 126
129 22 135 398 401 790 792 541 5 288 675 937 669 435 59 64 962 965 70 457 847 976 419 782 342 729 479 740 870 875 877 494 240 371 633
507 324 358 268 621 445 275 121 251 189
2 8 905 780 14 16 788 917 24 925 926 672 930 163 932 806 177 168 298 557 687 305 828 957 958 454 72 524 715 850 85 987 605 735 96 995 998 486 235 236 753 396
161 291 229 38 263 584 199 685 463 368 407 248 447
647 137 18 28 808 944 564 950 61 703 577 67 836 197 716 378 855 349 880 122 124 894
129 22 135 782 401 19 790 792 669 5 288 675 937 419 541 435 64 962 965 70 457 847 976 338 339 84 398 342 729 479 740 870 875 877 494 240 371 633
3 101 392 205 303 147 179 218 421
784 386 363 666 200 267 205 333 208 497 469 343 728 762 827 701 798 767
193 226 227 412 362 279 335 18 276 215 340 249 92
512 387 777 913 660 789 920 665 543 160 549 934 812 947 821 823 314 961 194 502 838 328 713 844 717 724 598 216 864 354 873 610 492 117 630 375 379 819 255
513 515 900 776 17 658 663 152 417 39 936 299 943 432 705 834 707 68 339 84 736 624 759 761 891 508 383
800 323 773 746 427 813 856 593 882 723 52 117 662 919 568 89 58 54 700 702 895
384 636 451 677 743 428 44 46 559 369 403 691 182 23 472 771 764 563 581
546 452 518 178 458 460 13 433 210 409 554
108 779 406 23 793 158 415 928 673 423 809 682 429 430 825 955 830 544 582 929 714 119 462 79 732 861 94 863 224 699 999 744 364 878 751 1000 884 503 760
592 3 101 583 392 490 140 269 303 656 552 147 601 697 179 527 604 218 222 421
576 194 43 613 455 296 297 619 77 302 628 638 470 344 510
193 226 227 550 412 362 279 335 340 215 276 92 191
193 514 227 412 362 279 226 335 340 215 276 92
144 100 262 678 7 681 42 556 525 272 794 309 201 120 420 26 795 93
65 355 97 134 449 264 146 526 399 370 626 260 319
289 741 360 138 485 44 175 464 241 20 629 182 217 571 190 104 357
960 56 325 230 105 778 334 918 560 273 595 276 726 535 824 921 9 330 442 361
418 166 487 520 74 436 533 467 180 149 376 185 698 159 221 127
144 420 262 678 7 681 42 556 93 272 309 201 120 644 794 795 26 100
364 779 148 406 23 793 415 544 929 423 809 682 429 430 825 699 830 928 582 673 714 119 462 79 82 732 861 94 863 224 955 999 1000 108 878 751 744 884 503 760
251 324 358 268 445 275 23 121 507 189 4 415
546 178 518 561 458 460 13 433 210 409 554
144 100 262 678 7 201 42 556 93 272 596 309 681 120 420 794 795 26
656 583 490 140 269 527 592 601 697 604 222 351
256 155 10 242 113 274 244 55 730 347
289 485 357 360 138 175 464 241 20 629 217 104 506 571 190 741
66 3 69 456 594 195 278 151 184 157
416 293 220 238 381 115 78 246 156 285
208 386 363 666 267 141 333 784 497 205 469 343 728 762 827 701 798 767
865 450 27 228 645 721 548 770 47 689 402 83 772 603 28 413 542
98 99 388 71 329 172 434 114 35 90 253 158 607
418 323 166 487 232 74 533 467 180 149 185 376 436 698 159 221 127
162 198 839 173 110 306 21 280 443 63
97 355 260 134 449 264 169 626 526 15 319 370 399 146 62 31
293 156 238 381 115 78 246 439 220 285
144 420 262 678 7 681 42 556 93 272 404 309 201 120 100 26 795 794
211 266 397 365 243 183 345 250 188
770 27 228 645 721 603 772 450 47 689 402 83 854 548 91 413 542
43 613 455 296 297 619 77 302 628 757 470 344 510 638
193 226 227 412 362 279 335 276 215 340 916 92
