11 53 68 155 202 208 220 249 253 359 392 398 428 443 495 528 555 571 584 648 651 733
16 46 123 126 146 178 251 264 266 285 331 333 352 363 371 421 441 444 446 451 452 494 507 508 558 604 610 612 620 626 709 719 745 778 827 905 925 942 948 957 958 965 966 971 981 994
8 28 30 74 85 109 254 270 287 291 330 382 435 441 490 506 518 572 590 600 686 695 697 708 713 760 774 835 850 873
36 59 73 112 133 156 243 262 283 341 426 466 472 479 486 503 512 529 567 576 599 674 723 728 771 798
14 61 65 69 79 95 111 133 139 146 163 178 189 204 214 228 250 255 256 294 297 318 361 385 413 414 430 456 467 474 483 531 538 547 558 559 570 577 588 602 644 645 664 667 672 675 696 697 712 725 742 762 780 799 803 810 821 837 846 847 864 869 871 896 898 908 917 923 925 927 938 946 960 961 967 972 973 984 987 988 990
24 25 76 95 111 128 140 150 173 178 190 220 221 241 242 329 333 357 361 372 375 413 449 461 492 540 542 587 696 715 726 800 815 827 838 846 847 864 876 902 912 917 949
3 39 80 91 111 151 188 232 233 271 291 314 327 361 376 394 418 439 448 531 534 594 661 675 690 700 761 776
55 90 92 102 107 212 313 336 377 379 473 502 548 606 609 615 642 659 752 764 789 791 795 803 816 853 857 866 868 889 908
10 40 46 57 61 69 71 72 77 79 127 133 143 162 168 197 206 223 236 249 250 255 265 266 269 291 292 306 316 333 366 371 373 385 388 401 413 435 441 452 464 474 506 507 511 514 524 545 549 550 576 602 612 645 664 671 687 697 712 725 726 731 733 742 745 762 763 765 794 806 827 836 844 854 867 871 883 896 903 908 915 918 923 929 930 935 943 953 957 960 961 972 973 975 979 988
60 63 115 118 138 148 199 203 225 235 339 365 370 411 420 460 497 506 597 649 705 712 755 766 768 769 787 795 797 882 904 906 943
10 21 40 56 61 69 79 95 105 116 121 131 143 146 154 163 178 180 181 189 194 215 240 249 250 255 256 261 265 291 306 316 385 388 401 413 424 435 474 500 514 545 547 558 559 569 570 588 596 602 608 645 657 660 662 664 667 675 696 697 712 725 739 742 762 773 780 795 803 846 847 856 864 867 881 884 890 894 903 908 909 913 917 918 923 925 935 954 960 964 973 984 988 990 992
10 13 25 26 43 46 69 91 95 106 111 137 142 146 158 163 220 223 257 265 266 371 388 405 433 435 441 452 457 458 478 499 506 507 514 549 608 618 658 719 726 733 748 750 754 790 806 831 858 864 871 880 887 895 918 923 935 943 960 961 984 988 989 991 992 997
4 91 110 111 117 177 185 230 247 332 334 419 455 481 552 557 621 676 677 678 719 721 730 733 779 780 788 827 829 849 865 874 891 903
10 17 22 23 25 31 32 61 64 77 84 91 101 111 146 163 213 249 293 316 333 358 361 364 387 388 401 413 445 476 480 484 493 525 526 547 549 554 570 576 612 667 692 722 762 782 801 822 823 827 861 864 896 898 918 919 923 925 933 935 943 947 951 961 972 979 986 1000
6 34 41 49 119 171 193 222 238 245 273 323 351 362 390 403 509 541 634 654 670 688 719 806 808 867
48 82 96 122 192 260 276 344 354 367 389 406 496 511 563 578 586 614 616 632 675 724 744 753 804 898
10 46 47 69 129 133 176 178 223 266 281 288 299 300 305 316 325 333 381 383 388 401 413 429 470 506 507 511 531 543 544 549 601 612 719 726 733 735 777 812 820 851 871 878 896 920 921 935 937 941 944 961 972 977 982 988
10 40 51 61 69 77 79 83 94 133 143 146 149 163 165 170 189 200 220 223 249 250 255 256 265 291 306 311 317 345 361 385 401 452 465 474 514 531 545 547 553 558 559 570 576 582 588 602 608 612 633 639 645 664 667 696 697 712 719 722 725 742 745 749 756 770 806 811 817 841 842 846 847 855 888 893 896 898 903 908 917 918 923 925 932 936 939 943 960 970 973 979 984 988 990 992
10 25 40 46 61 67 77 79 91 95 98 111 124 133 143 163 179 184 220 223 226 234 249 265 266 306 315 316 333 346 361 371 380 388 401 422 435 452 454 474 506 507 514 516 535 545 549 564 576 598 602 608 628 650 656 664 714 722 725 726 745 775 806 827 847 867 871 900 903 922 935 943 945 952 957 961 972 976 979 980 988 992
25 40 46 69 79 81 95 97 104 143 220 223 250 255 266 278 291 306 361 371 385 409 435 441 452 459 474 477 507 510 511 514 515 545 549 559 576 645 646 647 664 665 667 673 675 697 699 701 711 712 722 725 734 742 745 747 762 781 805 806 819 827 830 847 863 864 867 871 872 875 898 901 918 928 950 957 959 960 961 969 972 973 979 984 985 990 998
12 27 35 95 144 147 166 210 219 244 259 355 384 399 487 568 573 589 595 613 653 667 710 716 784 814 957
20 40 44 61 69 77 87 91 103 111 143 146 163 175 178 187 189 249 250 255 256 268 291 306 349 368 385 386 401 402 471 485 531 537 545 547 556 558 559 560 570 588 602 608 612 629 635 645 655 682 696 712 722 725 732 741 745 759 762 780 795 803 809 818 846 852 862 867 896 898 899 903 907 908 916 917 923 925 940 973 979 984 990 992 993 996
25 29 54 159 178 186 211 224 256 282 342 374 378 388 391 407 413 474 489 531 547 558 559 570 588 608 611 641 685 696 720 726 780 795 803 824 828 832 846 864 898 911 917 925 931 935 962 968 972 974 984 990 992
1 9 62 78 114 191 258 275 298 319 410 435 468 523 581 583 593 638 640 652 669 694 722 727 729 746 758
38 100 113 157 167 183 216 237 274 348 432 562 566 575 580 603 619 623 684 691 803
15 50 52 75 77 120 178 189 217 231 256 321 324 356 360 413 435 475 504 522 531 547 558 559 570 576 588 605 625 696 757 767 780 785 795 803 846 864 886 898 914 917 924 925 934 963 983
42 70 89 91 136 182 220 265 280 284 302 304 340 347 353 416 441 462 482 511 517 530 551 693 703 719 738 742 772 786 803 843 845 879
18 25 37 40 46 66 77 79 86 91 95 133 135 143 145 189 196 207 218 220 223 239 250 255 256 266 290 296 301 306 307 309 310 316 333 350 361 371 385 388 400 404 415 450 506 507 513 514 520 549 576 602 608 645 664 667 675 679 697 702 706 722 726 742 743 745 792 806 807 839 847 867 871 885 896 908 918 935 943 955 956 957 960 961 972 973 978 979 990 992 995 999
33 161 169 295 303 326 343 371 412 488 491 498 533 536 539 579 627 667 689 704 795
10 19 58 133 160 189 195 227 229 256 272 308 316 335 397 427 442 452 511 531 547 558 570 588 592 612 622 636 668 696 722 733 780 795 813 833 834 846 877 892 903 910 917
2 7 99 153 172 174 189 198 252 263 279 337 393 425 431 441 501 561 617 637 666 698 718 726 733 762 780 783 826 859 897 957
45 88 108 141 164 205 248 267 286 316 369 417 423 447 453 505 511 532 545 585 643 683 707 736 793 796
25 40 46 61 77 79 93 130 134 143 146 163 201 223 249 250 255 265 266 289 291 306 312 320 328 333 338 371 385 395 401 434 436 440 441 452 463 474 506 507 511 514 519 521 527 545 549 559 574 591 602 607 608 612 630 645 663 664 675 680 697 712 717 719 725 733 737 740 742 745 751 762 802 806 825 827 840 847 848 860 867 870 871 896 903 908 918 923 926 943 957 960 973 979 984 988 990 992
5 125 132 152 209 246 265 277 322 396 408 437 438 469 546 565 588 624 631 675 681
