1744 1381 4425 523 2223 2000 1586 915 598 233 4569 2234 3517
4352 2313 2834 21 1185 2850 1573 95 1597 4030 1604 3915 1058 3406 4953 2013 94 1829 2144 358 744 1523 1919 1535
4354 3464 139 4748 2960 787 547 808 1194 4524 2993 1973 3639 3773 2503 951 974 3673 2011 476 4830 1632 116 887 2041 4861
288 737 1410 3045 2113 2473 1357 493 307 2063 4848 3793 4979 1300 2774 2010 559
1314 1352 2539 1200 501 3830 1112
544 4481 3205 2122 4114 1646 1263 1649 1682 4915 1272 2937 2139 3295
1796 390 1672 2828 2194 915 3092 2071 3993 4764 4125 2592 2338 4133 1065 2218 2869 4668 262 2885 461 976 982 1495 3749 2019 101 2108 1137 3701 508
409 3329 69 1897 1835 303 2576 4818 2099 2238 1529 23 4121 3485 798
2852 677 364 4397 1140 1589 1560 1625 1083 4348
4608 4 778 1197 1945 687 3484 1961 1451 2221 3375 4804 1865 4940 1613 720 595 1620 3800 478 4319 3195 996 359 872 1388 3304 2292 121 4091 1279
2563 3158 391 4107 4238 1941 291 169 3508 2488 1515 2315 3270 2744 726 3543 2398 4842 3435 1779 2165 1015 3967
1024 1313 259 40 780 495 3926 47 351
3264 964 172 174 4752 2962 1140 2101 4089 250 4253 3966
3104 4759 1090 4 2758 2856 2122 4023 2316 749 1390 3085 1812 1751 3897 698 3449
4224 3039 4999 4244 4120 4762 175 3381 1210 1723 437 1993 2636 849 2778 2618 1631 1124 2151 1131 4716 3950 241 4085 1919
419 1412 3173 103 1320 3885 4846 1775 177 4754 750 804 3577 1532 1725 1093
4432 4578 4771 997 1382 4839 811 706 3344 978 3203 55 2753 2398
3372 844 1965 3535 2352 1844 4885 975 1949 3614 85
928 3024 1539 1457 42 2795 782 4655 2704 945 2992 4051 3476 2452 4599 4985 186 207 1468 317
4067 137 1997 3631 1041 2994 3671 1754 2364
4864 4726 582 1223 551 1742 3471 4081 3252 342 2679 564 506 3551 3036 1206
1078 903 746 4237 1262 3152 401 1010 1781 4436 2257 2518 728 346 1019 1052 554 3743
2849 406 4871 2923 208 1809 435 2420 1398 90 506 881
3360 3971 1078 2311 329 746 1422 4305 4593 1262 278 664 4537 1052 554
1152 161 4899 4137 2567 136 2825 1901 46 1192 4562 771 1358 151 2136 2462 821
747 2084 4585 1035 1549 14 4751 433 660 1205 2761 4824 601 4815 572 1655
4161 1442 3299 3399 2280 1738 2594 850 1315 2103 4287 3132 1215
1398 4806 71 1256 461 368 2546 4148 1430 1079 1561 3482 1243 3988 927
4740 3638 1286 2343 2220 3597 1166 3023 4208 312 3125 3350 2136 836 922 573 134
1154 2628 3813 935 3209 491 3852 4718 1103 143 4659 1044 1431 3524 179 1127 4157
4865 4867 2308 3595 2350 152 2716 1310 2336 1186 3495 4270 48 819 1591 4155 2492 1729 837 839 2889 330 2646 732 2274 4028 3569 2679 3322 1276
1635 900 549 236 4494 305 1110 727 3930
2979 69 4774 2607 1712 3217 4818 2099 4755 2804 409 1464 1529 4891 2117
2283 4741 2189 4625 26 3356 543 2978 1962 1067 2092 685 1583 817 1333 438 187 586 3784 3017 1994 4237 3921 4055 1627 1507 2150 3178 3563 1773 752 4978 1788
1536 3969 899 4485 1544 2187 658 536 4476 283 2206 1059 1966 180 1087 2752 3009 2633 3403 1231 4944 1875 725 4567 2816 2411 606 1888 1255 1916 1258 1003 3316 3324 2679 4220
3649 394 3343 3536 1938 1047 696 2282 794 2173
4066 2595 4518 1031 1545 3786 1707 1837 4809 3689 1769 2042 2366 585
929 3810 3163 2564 2433 3817 907 2093 1279 3226 4923 2812 478 4319
2177 4579 3688 4170 4332 2900 247 1496 89 3165 2559
1505 1764 1574 1225 4650 2796 4077 3567 4528 984 2450 4339 4116 702 4786 3960 2832
688 1540 4966 3302 3175 2569 2924 1614 4720 17 1843 1365 2412 3709 3199
1348 1509 3366 3338 1387 3732 245 1887 4124 1898 4629
1764 1830 4887 3277 1421 3954 2490 983 4730 119 2573 3389 3287 3871
3617 3522 4645 73 3242 2253 4431 2705 2521 3951 3996 1086
1296 2580 1048 4769 34 3496 3241 2357 3060 1467 3776 1739 324 4705 1483 3407 592 1618 2390 2523 4956 3424 1121 4834 362 2925 110 4079 1136 1393 1359 1652 124 894
900 2278 4235 622 4880 2867 2510 3224 1444 2426 1531 1565 3070
4066 2595 4518 1031 1545 1707 78 154 791 4073 2345 310 3689 2042 1020 4477 2366 585
775 904 649 3085 792 539 1190 3635 572 3138 1091 584 3021 3341 1622 1127 3688 1774 2543 1392 2545 4082
2720 3458 68 3334 678 583 4233 2123 1804 4852 3704 2266 1182
2848 355 3301 1384 1193 2602 395 3416 4259 4628 86 1848 4346 221 1418
416 1408 2018 4326 1465 2985 3434 2841 1999 3218 4061 2647 4201 4921 3357 3870 4575
2944 4299 964 360 3530 4203 1394 3054 3600 2449 4018 2643 631 1433 4506
4353 4454 358 4904 221 396 2989 1005 2512 530 3475 3095 815 3933 2846
1538 1092 3046 4391 3656 777 555 526 2100 221
3123 2501 4551 2376 4412 3569 1523 3477 3670 3385 604 540 2047
384 3970 1539 612 1457 42 2704 945 148 4599 186 4190
4768 1890 3974 198 936 2572 450 591 2522 3035
1536 3969 651 1039 22 4384 1574 4654 2352 3133 4896 3403 4936 587 3533 1616 468 725 2775 606 1888 1521
1281 3137 3270 417 3307 2669 2894 308 4825 1145 1146 3710 4223
3578 4388 1786 300 2862 4527 1009 3716 85 3545 4602 1060 3740 4381 2078 1183
3392 225 163 476 3370 2668 2525 4496 2769 3474 4057 1340 125
2143 911 3120 248 2291 244 88 2203 3484 4847
1067 4999 783 787 660 2335 1094 817 4905 2091 4784 2737 562 2483 4918 441 2106 1723 4796 702 1346 2118 4687 353 354 1507 1124 743 1773 752 1394 757 1065 1278 1663
4514 99 1672 4585 3978 1963 1644 1549 433 2610 4213 3735 4314 93 3391
518 3726 4628 1045 1052 4004 423 2090 44 4910 1584 1585 1078 4153 4673 4291 2885 2502 1229 2130 2517 4191 97 2020 101 231 2027 2029 1262 2163 2300 554 2175
1477 2728 2380 1290 1834 1772 1303 4603 3261
4674 3365 1225 2807 654 4337 2290 2030 1783 3131 4005
2691 775 520 649 268 15 2197 539 1415 2095 3899 584 4810 1228 1749 1761 2155 1774 2545 4082 4987 1407
3297 1826 4355 487 5000 4714 1762 879 16 360 2002 1949 1433 3160 4601 4106 479
2657 998 4461 3662 367 1456 3220 505 1680 3060
4997 2438 2121 4490 172 3374 847 1264 913 3283 3925 1033
2193 1298 4243 1049 282 28 422 241 4907 2351 1971 182 1337 1475 4934 3148 973 4050 3286 4573 1247 3441 500 373
1218 2915 2500 4334 2416 3523 2324 950 612 1915 1886
131 901 646 904 2697 1294 402 3603 1044 1685 919 3353 671 694 2615 4928 4545 1742 632 722 4814 4826 93 739 4843 4212 1016 4607
2625 4578 4356 741 2151 3817 1002 2955 1902 3568 1236 1719 2489 1564 253 215 1317
3232 1954 2981 3559 9 269 4304 3570 3956 1397 2295 792 188 2973 4767
2688 4160 3019 3656 843 2892 77 2735 4627 881 3987 52 853 280 3215 508 1917
2782 3605 1730 3016 2956 2573 2446 4527 560 1074 1278 3159 3610 1915 4253 2878 2943
3619 1191 264 3337 715 1869 815 3549 349
307 139 1807 3477 540 4129 808 3123 1973 3385 1213 3266 2501 4551 2376 3670 604 4830 4448 3681 2531 3558 1523 2047
3010 4292 2118 742 2114 814 2483 21 3702 3191 4218 926 1301
1120 3460 3141 4136 1203 4554 1995 4911 1907 1401 4443 2276 4510 4735
2817 11 357 4327 3436 331 4044 109 4975 2448 1873 4058 57 1402 492 3422
1414 2187 4476 411 2206 2079 4900 678 1706 1069 1966 1329 1097 1858 1736 2633 1385 1258 1259 2679 1916 1278
2864 2818 1543 648 1447 108 4274 3311 944 1490 4499 3414 760 4783 1471
4289 2754 2053 2762 43 4558 893 1168 498 4122 2619 2012 1533
1282 1932 783 3091 1560 2713 2971 1055 418 169 298 1852 3011 4943 336 4803 3033 4560 360 3819 2920 4342 1148
4515 4298 813 1230 623 3184 1748 718 1454 4282 4252 381 2389
2497 1218 2339 132 1638 2152 1257 4588 4478 1105 3443 2739 1338 604 3742 959
3856 2082 4024 4361 2954 4812 2192 2385 1842 3187 2740 4760 4313 763 2844 4234
1211 4632 137 4301 2574 1997 1041 3671 216 1754 3631 2364
2400 2592 706 4003 677 262 1287 4328 1225 4749 976 1072 50 2019 1111 4856 346 1339 1180 730 4639
2823 3906 1171 1560 2073 284 1456 1570 3975 3500 4654 4271 1200 566 4154 3005 1599 2498 1222 1352 202 1314 344 442 3683 105 107 501 893 2942
931 876 460 1806 2835 2549 3481 507
3616 4961 4132 3751 2184 2631 4429 1751 1936 3378 2037 1238 2455 1648 1693 4543
1984 2689 4611 2820 2629 3014 4616 425 301 580 2307 3253 4792 4665
4675 197 681 122 2039 2142 2613 662 4403 500 4798 1462 1591 267 212 55 4187 4026 2078 703
1289 4619 1036 1424 530 278 3866 293 4779 1972 4790 3257 322 68 1609 4301 1232 1489 986 4315 4959 1810 4470
1692 3 2437 2918 2471 1224 3241 3820 114 3633 4882 2611 3348 668
2304 5 4232 2058 20 1262 1307 1052 1054 3359 156 554 1968 3912 3764 1078 695 2527 182 2248 439 973 1753 475 220 2911 2542 373 2171 255
1000 2481 10 953 1273
4801 3202 35 7 1448 1724 12 321 312 146 2710 1816 3609 2363 572 4511
1216 4449 4523 2660 3072 999 617 2507 4207 4664 818 948 24 569 3450 219 3908 733 734 639
3936 710 4775 747 2222 1487 656 1169 306 27 2942 3071
4640 3075 1252 3304 2185 2583 1100 3054 2801 3348 3582 4247 1752 889 2427 377 30 3647
3232 1954 39 9 269 3570 1397 792 188 2973
1376 2180 4261 1393 4776 1805 4367 2289 2513 2138 53 4695 3801 3962 636 232
1280 1028 1033 3983 538 3611 4385 1315 2217 2858 1838 54 568 2617 1466 1855 454 1608 203 1766 4840 1004 4078 628
4192 736 1254 3943 3626 2743 908 4655 273 2420 789 3351 1368 59 3549 3550 1941
4630 1671 4750 2703 2067 4374 153 1817 154 3612 1824 1569 296 4651 1581 3758 4914 3255 1339 4924 64 2208 4802 1604 3526 4648 1737 1099 2126 848 1106 1368 1935 2401 4836 2454 361 3306 4392 4850 1908 3061 1272 3836 3050
3200 642 1291 145 2325 791 154 1955 2345 4906 1067 1962 817 2227 1332 310 1481 78 4177 83 475 610 1507 3435 1773 752 1020 4477
96 801 3970 1539 3940 2129 1457 2228 42 945 146 115 148 612 186 635 4190 2932
100 774 332 3577 408 1881
4416 448 2499 1190 521 4908 845 2381 2736 1372 2319 117 1854 2750 728 3354 1563 1980 4926 1525
2593 611 1700 453 2086 3047 72 3498 2443 4844 1743 4624 946 1235 1623 120 2899 669 1411
388 4613 1738 1239 140 2765 4142 4365 2229 1399 522
4929 1099 3056 1713 2928 4240 1195 1101 3408 593 144 2707 1459 567 2296 1371 3027 447
1445 1926 2727 3433 2828 4941 4590 1101 337 1491 2356 149 2744 2708 4667 1759
2017 4201 2764 1070 1903 3126 1081 286 159
1025 771 2440 1546 3986 4118 535 2585 3994 3483 2590 427 45 4143 2738 1718 628 3387 828 61 192 2881 1987 966 1963 4691 2530 2916 4837 1254 4200 4841 3520 2422 634 4479
514 2851 1380 3237 201 655 2160 1236 3669 4438 3289 2453
129 3975 3906 4952 1171 4271 288 1570 1031 3500 559 1456 566 2249 442 3005 2498 1222 969 202 344 217 2010 737 4835 105 107 493 893
4225 1416 1802 2063 2331 218 288 2473 1196 559 4349 2442 2623 2113 205 1357 2010 479 737 3045 493 3439 4979 1533
3974 650 2572 1296 1051 156 947 3035 676 39 936 4909 3250 3507 198 591 2004 1496 2522 4699 224 1890 3825 3891
2950 4231 521 2829 2831 4371 2709 1563 3106 2983 2736 2746 443 1980 2750 117 4416 2499 3746 845 3409 465 235 1520 115 1525 3583
978 2753 4771 1382 2310 2023 2024 811 2354 3344 3024 242 51 185 440 537 3579 55 997
4800 4032 293 1287 3240 2111 1066 492 3469 4721 243 1210 991 3420 2975
1536 995 4710 71 4808 4330 391 1071 246 697 888 3737 1562 1423 2908 4103 1375
4608 2755 1316 905 4144 180 1944 251 988 478 1343
326 4807 680 3564 2120 311 3320 1531 605 254 2929
1792 258 3309 3726 4019 2776 4249 2399 4445 766 1183
1760 705 1301 261 4039 1128 3241 7 1420 1134 463 4172 600 1234 4500 149 214 312 985 2102 799
265 906 4239 3472 4757 4131 937 306 1590 3135 2116 2373 713 2122 2083 2269 2016 619 1004 1654 1657 2815
2722 2692 2181 838 4081 168 4009 3115 2285 4557 4849 340 277 119 1720 2040 2200 2216 2214
2241 642 2084 2761 1450 4107 110 2584 14 2164 1205 1655 4824 601 287
3331 2052 4877 1052 289 554 327 3502 818 948 1078 2361 4671 1472 708 2550 1697 2248 141 1360 3446 98 1894 4582 1262 496 1651 4982 2367 3837 639
2880 290 1988 3690 1524 2773 1780 2011
4740 4997 263 3465 3339 911 3217 2837 409 416 292 4774 1068 2099 955 69 2982 2648 2340 603 2914 2021 2407 3562 1006 756 1529
1156 328 873 1098 302 758 4506 827
3552 1377 265 138 3180 1550 304 1392 4542 1502 1321 3736 2041 155 281 4637 510 2335
803 132 2470 4617 2382 50 4307 2198 4856 68 730 315 3230
1250 2275 548 3527 2569 2675 2412 1602 541 4497 339 2612 17 1843 770 4059 3677 250 319
2099 4891 739 325 871 3016 807 1453 2770 3267 2613 409 1464 1529 4859 1084 69
960 2726 3783 4488 4169 2474 587 1137 51 500 437 2025 1336 1369 348 1085 1713
699 516 261 7 524 3212 3890 436 2102 312 985 667 350
352 800 745 842 3884 338 1522 4598 1340 637 4063
4868 2497 3083 4378 673 3876 1831 170 370 1839 951 313 1212 833 1603 2250 4688 81 980 853 729 4571 92 1640 877 494 114 883 626 2557
4609 4229 327 2248 639 554 3297 1262 271 1360 4401 818 948 1078 3448 1721 374 2232 1052 3006 4671
257 1122 4163 3364 1202 4072 3401 940 274 2414 3058 118 2329 378 1947 4860 380
1856 801 1284 1637 4678 490 843 2415 464 404 379 4574 1823
4896 4384 3133 1574 6 1888 618 3403 4077 397 1616 2417 1521 22 2775 4736 1039 1596 4797 2003 3533
3073 2678 1510 2695 2952 364 3308 1389 398 2159 497 1814 3892 4662 2505 1304 1625 529 753 1820 2524
1282 1932 1806 400 3091 1560 2713 346 1055 418 4003 169 300 50 1852 63 3011 460 4943 336 931 730 360 3819 876 4342 507
1728 516 524 3797 4600 378 412 767
480 3416 969 426 3084 1681 1784 1757 1866 2559
994 4515 4837 1702 2504 2907 2747 429 623 3536 4104 1684 1173 1551 4540 1405 767
2273 898 809 939 2734 624 3049 686 534 2423 4184 444
449 2787 1926 426 3767 1175 3416 2781
1296 34 451 4743 3241 4834 2925 1101 592 1393 2482 2580 2390 3407 1048 1652 4079 3060 894
2272 1221 2919 968 1610 455 716 173 4083 4532 1592 954 1349
544 3428 4241 1704 1800 2730 4589 814 29 1745 467 2062 2741 2170 4827 3770 1982 2047
2976 3138 1795 1956 1958 1481 2701 1166 792 474
545 1029 489 3660 603 1214 1951
1889 2306 1925 401 3574 503 282 2044 3293
517 519 3048 2666 2480 1874 1979
3681 1125 1196 4563 367 531 2393 2556 1438
3904 1953 3557 200 4105 3723 2863 1896 2898 788 533 596 783 1790
545 258 1029 489 3625 603 1214 1951
1376 2525 550 4776 1805 4367 2513 1234 2836 53 4728 3801 3962 636 232
2016 3170 3396 553 970 4204 3917 1885 1458 1801 856 1209 2330 3229
1155 389 17 2412 234 556 4059 2383 3216 209 2674 483 1260 2569 4379 1843 1338 1073 4060 287
353 2131 870 3145 1356 242 3310 2872 4242 563 3832 4921 722
1984 481 1606 3304 1421 4366 3887 2704 497 3506 1776 1204 4406 119 2936 1177 570 3772 4445 3038
514 1816 2851 2726 2474 44 1713 51 437 695 1336 4795 960 3783 4169 587 1369 348 571 1252 2025 1137
1026 133 2444 3074 530 799 1825 2722 1187 3640 574 452 4038 73 717 1233 1368 2653 2400 1383 4715 753 120
2297 674 2084 601 433 712 4585 3882 1549 14 2904 657 3992 627 1460 1205 1655 4216 4404 2043 469
1756 261 2698 913 4370 4500 3438 2199 2980 4773 550 2727 1833 946 2102 2491 705 578 4172 463 985 476 2525 350 1134 3824 755 629 376 633
2852 4762 2151 3529 1131 44 2670 175 849 1210 630 1993 2618 2778 94 1919
3265 1157 2857 682 652 3823 4369 1746 4980 1435 2876 3020
1251 1126 2887 200 4618 665 3402 2302 2879
448 35 934 4998 679 3210 1164 2094 3920 453 1076 1878 1975 2040 4537 1149 127
3586 2435 1295 1049 282 422 3624 4907 4782 2351 437 1337 3772 701 2625 1475 2636 3161 1247 237 3441 500
864 3905 2466 771 721 2344 394 4717 256 49 851 2262 823 657 3923 1115 4753 670
2395 1159 1768 2089 2606 3730 731
1538 1092 4101 3046 4391 777 555 1085 526 1103 1872 1170 2100 221 735
2562 2533 4838 4168 3497 2571 754 2579 1276 1918 191
2432 865 772 8 1162 75 616 4244 1143 1588 410
773 2022 711 2953 2922 971 1292 4013 4974 3088 1108 218 1406
1542 2247 298 779 1233 2995 1238 1785 3164
2306 1925 135 139 401 282 3358 806 807 808 1453 2865 307 1973 1084 3267 325 1889 2770 4436 3293 4448 3681 871 3947 503 4859 2044
832 4640 900 2725 4743 234 3599 4278 377 1752 889 3485 3710
99 4073 3978 1963 1549 433 2610 835 4213 3735 93 3391
3590 2599 1556 1430 1976 2138 861 2622
2624 3777 4770 3459 3077 875 2061 1939 1236 25 2650 2526
2053 1168 4122 2083 43 2739 1590 2619 4289 2754 2116 2375 2762 2012 2269 893 498 884 1654 2681 1533 4862
1920 389 909 912 2194 1048 346 2468 157 3376 50 2869 822 3386 1469 963 3786 1362 602 101 2148 229 102 4581 370 504
2755 4452 2277 3775 4351 1232 789 4439 2456 1241 2170 1503 925 1669
1217 2370 115 932 3400 2601 469 2700 770 1520 2696 499 2837 2709 2902 3176 1141 2494 4149
2400 1 194 3398 321 1833 2698 941 3438 3824 913 755 578 342 2199 376 633 1756
1888 4195 1444 4711 4520 95 1867 1677 942 1295 2064 3602 595 599 228 27 541 1451 3902 2239
1920 644 909 528 277 1048 1196 943 3376 822 3386 1469 963 248 1362 602 477 607 480 2018 102 747 4849 504
1152 961 4899 4164 1686 136 1417 1358 2544 2232 771 148 53 1910 151 1240 2136 1693 2462 821
1569 258 516 3306 1581 2126 981 2647 3836
2941 647 72 1546 2315 1135 712 946 2931 2996 21 2422 4538 987 3613
2048 4387 1670 1735 3976 651 1933 397 336 3475 1959 2458 2175 989 2495
2464 2505 1001 1386 4683 3345 3219 3849 3641 3676 4159
1920 3106 963 602 102 4493 3376 1362 2709 822 504 1017 2746 3386 1469
4544 4132 2631 2184 1751 4429 1936 3378 2677 1238 2455 1018 1693
736 1665 617 3051 3756 2605 239 4017 2258 83 2284 3001 3738 1021 1548
1289 1036 1038 1453 530 2069 3493 807 4779 178 2865 4146 1084 322 325 2770 3805 871 3305 3186 2163 4859
129 4624 1042 918 667 3486 2463 1061 4141 1714 478 3895 196 2760 1996 4940 3918 120 2553 347 222 228 1385 1777 3829 4472 121 3708
1153 770 3332 2961 1046 4768 1700 4134 3246 2353 2997 1090 589 2511 464 2643 2516 4698 1243 4067 1252 3687 2166 891 4221
3653 4070 2279 746 7 3212 1422 3890 1619 436 664 4537 1050 350 1727
1056 1568 1571 3812 2540 2639 1553 4851 1109 3768 3898 4111 3802
612 1064 1161 1868 1266 1174 2431
419 804 4165 1096 2377 3932 750 1775 432 177 4754 1320 1532 1725 1118 1093
4065 2050 871 3944 4362 2891 2125 1102 1940 1559
2819 2053 3974 2156 2572 936 4909 443 3019 2117 198 4167 1355 462 591 1366 1496 2522 3035 1890 1132 2810 1663
4000 707 3620 76 1227 4076 3153 1139 1667 2549 3128 4504 2644 3007
3904 899 1544 146 536 1178 283 1059 1003 304 1087 192 3398 1231 4944 594 979 212 3163 2411 658 3451 4220
3718 2063 2711 2074 1370 548 1189 167 810 432 2231 441 1598 76 972 2258 727 4954 863 481 3042 2406 2790 551 239 119 4219 102
2306 1925 2062 401 4117 4765 1699 4775 2222 306 1975 710 1487 1242 3293 3936 1889 4964 1169 747 3574 2044 2942 3071
770 2696 1161 2700 2837 3359 1184 2601 499 4532 2494 1217 2370 1476 3400 4949 1246 488 1520 3176 115 2709
3203 3718 522 1808 2711 2074 3999 546 4535 2490 1598 705 2231 972 2258 2515 2901 1370 1248 3042 2406 239 4732
4768 1249 4517 1030 1569 1785 1581 2031 4082 1150 3223 3993 4094 981
3202 4773 4298 813 1230 3184 1748 2389 2292 4282 1268 4252 381 3301
1155 772 389 4646 2193 4362 556 4461 2383 287 1073 2674 4379 1423 4060 4989 1285
4960 1410 4676 294 3206 1319 1675 1261 1198 3197 1488 2833 3155 857 2235 4444 2717 1599
1764 926 1325 3632 3154 2005 119 2077 1950
706 420 2885 3851 2413 2035 3637 246 132 1849 1342
1424 322 68 278 1351 1609 1232 1489 1810 4627 1972 4790 2839 3257 986 4315 3866 4470 293
803 68 2470 70 4617 2382 1426 2198 1337 132 315 3230
4576 2434 3139 41 106 590 3087 3000 1699 1428 2326 3544 413 446
5 3087 3544 18 3988 1429 278 1561 3482 3739 927 673 2469 3880 818 4148 1079 948 1398 4806 71 2888 461 1622 3032 729 2908 1430 609 1256 3561 2287 368 2546 246 1428 383 639
1248 705 1507 3203 4469 522 1067 4237 1773 1808 817 2515 1461 26 3999 752 1141
3424 3201 676 2085 1798 1121 876 2890 4108 1345 1136 3636 3734 4705 324 1818 362 1470
2592 1474 2019 1796 262 4749 3581 976 50 1111 2681 730 1339 4668 346
4160 2 3019 77 1485 1106 52 280 4505 3215 1917
1415 1511 520 2155 1228 15 2197 2095 1749
4801 611 1412 4517 609 2472 1317 427 647 2541 3185 1155 1492 1846 503 952 1530 3867 2451 453
1921 4098 1155 4360 2699 238 1679 1555 3318 3127 771 3923 1115 4451
4896 4033 1574 1888 618 3403 3533 4384 1616 1521 1557 22 2775 1039 1596 3133 4734 1013
2176 1857 4324 150 487 4106 333 879 16 3025 1440 1813 1558 824 4411 3388 37 181
3578 1060 300 2862 1009 4884 85 3545 1786 1183 3740 4602 1567
4389 4744 1578 1324 1032 146 3412 790 4312 1625 2362 2907 4794 2917
290 3171 36 625 4649 3690 874 620 3469 2011 4721 3250 243 1524 2773 1780 1594 3355 3420 1066 2975
1984 2689 2307 580 3014 4934 422 425 615 301 2351 4611 308 2820 4665 1049 1247 1628 2629
2432 1985 1636 1030 3626 3371 3821 2836 2166 772 3227 4061
1666 2114 742 2118 3010 3566 2483 1556 21 3702 3545 3707 926 3647
3008 1952 1418 2990 1712 736 4633 1786 2205 1694
3205 4114 1646 1263 1649 4434 1716 1682 1272 2937 2139
1443 681 267 1741 4187 4403 500 2613 662 55 122 859 703
3747 2084 1767 2761 1035 4332 14 4047 4751 530 3475 1205 89 1655 601 1051 3868 2558 572
4846 1730 419 2439 2600 4583 1803 750 3984 177 1268 2254 2446 1464 103 1320
4395 783 660 1821 4905 2091 2737 2483 4918 441 2106 4796 702 1727 2634 3941 743 1639 1394 757 1278 1663
3844 3333 134 1928 139 1815 2714 1827 806 808 3755 2350 4789 1591 1082 3390 1973 1740 205 3668 853 2522 861 4448 1253 3823 2939 511
2336 4865 2274 837 732 3159 48 1653 2646 1591 1276 1850 2716
3362 796 1870 335 1397 3259 956 2461
2464 4641 2505 3849 1386 2224 3345 3219 1001 1811 3641 1883 3676 4159
1729 2477 2286 2575 1906 2777 3034 2970 2622 3693
1474 2727 1767 4194 1486 1103 2935 2036 823 1914 4254
704 837 870 1223 1996 1130 2028 749 3149 1648 1937 850 372 3518 4536 3663 3247 1374
450 457 2794 620 4205 3183 2288 4817 2323 4308 3548 4343 2516 1875 1948 1594 2334
320 3883 260 3782 2772 3147 2157 3822 3828 2037 983 3031 1272 1977 4532 2654 3647
1536 909 1430 1561 3737 3482 3739 927 3746 45 2225 4148 1079 443 196 4806 71 461 462 2001 2908 478 996 2792 1132 368 2546 246 121 4091
336 418 3011 360 3819 1932 1282 4943 2032 3091 4342 1560 2713 63 1852 1055
4194 3719 2442 2727 2743 1486 1767 2935 2036 2046 823 3896 2772 1103 1821 4254
4546 2213 1574 3305 558 2424 4402 4435 462 1463 2072 2267 860 189 4275
2178 2309 1895 2087 2447 2938 135 157
3584 4737 1099 2928 144 1195 1459 4240 1713 2707 3408 2133 567 2296 1371 447
4801 3970 2147 612 3137 321 42 427 908 945 146 1539 148 1457 3859 164 1177 4927 186 4190 4543
4160 2154 77 3215 52 280 4505 3482 1917
609 2690 3544 5 3880 3561 1428 3087 3697 2162 1396 1429 278 3032 729 1268 4669 383
1423 919 1052 1576 554 1071 818 948 1078 4664 697 4671 4166 327 1360 1375 995 4973 1262 888 2174 639
739 804 2117 2791 4891 2186 907 2156 1005 3118 4175 2053 4339 1851 1532 1725 1093 2783
4000 1666 2243 3620 2086 1227 4081 707 1667 2549 1139 3128 4504 2644 2468 3007
3968 417 3938 3462 689 1512 43 1740 1794 142 2033 3201 2963 84 4919 1533 2303
2327 662 2839 2078 4645 3879 681 2476 4403 4917 55 3770 3899 2613 320 4675 267 4187 4189 2142 1445 2148 234 500 122 703
4066 2595 4518 1511 1545 1707 2328 2994 1235 3689 4728 1031 2042 2366 585
388 4613 2346 1239 140 2765 1399 522
4129 2310 2023 2024 2349 2354 185 440 537 3579 4126
1793 515 134 4746 1293 403 3998 1542 810 177 442 3003 1341 2755 1222 2384 723 3672 1882 222 208 107 2541 4466 4090
899 3588 1544 4626 4759 536 283 927 1824 2800 1059 297 3757 658 1087 3398 4942 1231 2256 594 2387 1245 2917 2922 2411 1645 368 979 3575 4347 4220
3111 2178 3965 2309 1391 1895 1639 2445 2447 4561 3251 3604 3093 2137 1876 2938 1787 135 157 447
2532 1477 2728 1772 1834 2380 1303 1290 3261 4799
771 516 524 4879 4753 657 412 2727 1974 823 1728 1474 4295 1486 3797 470 1114 1115 2526 4194 2535 2036 2935 1914 3451 767
1729 2853 1448 3243 2477 2286 2575 4593 2777 3034 2970 2591
683 3461 4102 3975 1299 2460 3290 1570 3369 3499 561 4917 566 183 1723 1350 2637 344 1498 4963 105 1517 893
3648 2912 482 2244 3429 4423 1288 2665 3532 4001 4372 2038 4279 1305 4314
1984 837 2758 1996 749 372 4536 2684 1245 1374
516 775 649 2187 1858 539 2206 2079 160 4379 556 3373 1966 572 3138 584 2633 80 209 1258 1774 509 2545 2679 1916 234 2687
3216 1155 389 1260 556 2383 4912 1073 2674 1079 1338 4060 2718 229
1280 2 4877 2322 147 2708 1838 2968 538 3611 1697 2217 2731 3502 561 4916 2361 1466 2367 1472 3446 454 203 141 94 4078 3837 1651 2550 1855 3453
342 582 1223 2953 551 1742 2557 4081 1555 564 4726 4009 1304 3252 3036 2749 1206
3392 225 163 2756 2668 2525 2769 3474 476 125 2142
2784 1120 331 2276 3141 32 4136 1907 4554 1995 1325 4911 965 1203 981 3460 1401 1402 4975 4510 357
3232 4609 1954 2523 4037 327 4777 2232 2797 271 792 269 3957 9 3256 1721 4763 188 2973 3921 1397
4992 4576 2434 3139 106 590 2799 1699 2326 3000 2617 413 446
3362 1830 4744 956 335 4084 1397 2809 3259 796 2461
4963 1350 3975 3369 3499 1517 561 1299 2974 4310 183 1498 2460 3290 2814 247
865 616 1162 75 2830 8 1588 1143 410
2625 741 1002 215 1902 3568 1719 2489 2874 1317 1564 1023
1664 2979 2667 1612 2893 2318 1871 4285 1234 1117
1376 4261 1393 4776 3177 4812 1805 4367 2513 1234 4051 2836 2933 3801 3962 636 232 53
674 2043 3882 3405 3992 627 1460 2297 2904 4216 4987 2940
2946 1483 4039 3496 1739 1359 1618 124
2819 4 2949 4999 7 563 2872 1723 572 2758 1356 312 2131 353 443 1124 749 1390 241 242 3832 2684 1663
3073 2678 2695 2952 2524 2987 3308 1389 398 2159 529 3892 1814 1304 2996 4662 4101
3588 1068 1931 3346 2072 2076 4805 2341 540 684 693 184 4412 193 3013 1607 3149 3792 4049 595 343 2009 862 1504 3169 2538 112 2934 4727 3064 1657 764
1410 2187 4900 1414 1736 2633 1706 1259 3052 1069 1916 1329 150 1385 4324 2679 571 411 1258 2206 2143
768 2816 1589 996 4485 4265 459 109 4781 1904 3665 1107 1653 1747 3696 2683 4988 3059
4881 403 2070 4764 3764 182 4151 1080 2496 2883 973 1124 95 481 4708 657 2537 4716 1661 1265 373 1144 2172 3069
1854 1190 2172 4908 2381 2319 3089 307 4277 3354 1372 2012
1889 2306 282 1925 3947 3293 401 4436 3574 3098 2044 4765
1536 71 391 79 246 3737 1562 3099 2908
2000 523 1381 233 3114 4555 2223 1744 1586 915 574 4425 2234 3517 1150
2049 2083 2116 1654 4198 33 816 3121 3041 323 1488 2238 1590 3505 4188 2269 4862 3487
1892 3815 1482 1991 4690 527 3122 885 2742 2457 3082
1921 4098 1155 2853 2823 4360 2699 2987 238 1679 749 1555 3318 3127 4536 3129 4451
2560 4 4618 1945 2201 1946 1961 1451 2221 3134 4804 2501 1865 979 4309 478 4838 4076 2288 2929 242 4087
4065 2050 3143 3944 2891 2125 1102 4496 871 1940 3278 1559
4992 4960 4676 294 3206 857 1675 4012 1261 1198 3197 3155 3190 3063 25 2235 4444 2717 1599
2752 3009 3238 1672 3465 1003 2479 4944 1875 212 982 3225 1370 1178 350 4799
3872 4736 2372 4967 72 3466 3239 484 238 1743 2803 404 2593 1014 1623 793 2843 669 2014 1823
1057 2107 3268 1062 456 1900 2314 2252 4463 3857 1043 1113 1147 4893
1540 3269 3302 3175 2924 1614 688 1365 3709 3199
4227 4036 2054 2374 3271 1011 3444 2134 153 1983 1884 831
450 424 2060 4206 509 2868 3894 1271 1274 3323 1658
3336 400 4756 661 2966 475 3623 1576 4010 300 3117 2229 319 593 3675 3804 2656 4067 3817 3827 1526 2551 507
3361 3617 264 73 3242 2603 2253 2894 3951 2705 2521 1086
3328 166 2630 4652 1326 1967 690 1455 4696 3706 399 3423
1410 395 2063 4143 288 4003 2473 559 307 192 2113 4807 1357 3793 2010 737 3045 2662 3431 1255 493 4979
4386 1796 421 1479 267 3437 4526 2353 2838 2200 1046 2430
256 864 771 657 2344 823 4717 3855 49 3445 3223 1115 670
3490 4198 2312 3372 844 1965 3535 2352 1844 85 975
2112 2459 2195 2149 135 1641 4879 115 1077 470 1306 155 3519
2880 2241 4995 3521 2665 812 2637 1615 152 1042 1699 2164 629 2551 2584 922 4255 476 2525 287
609 4898 1268 3032 3624 3561 4383 3087 3664 3880 1428 1429 3478 729 3544 1396 3547 3741 383
4000 3554 1667 3620 2086 1227 76 4013 4504 3153 4610 1139 2644 2549 87 3128 2468 2875 3006 3007
3264 1248 3556 4329 172 174 3118 4089 964 250 991 4732 2101 3966 2901
3970 1539 1678 2320 3228 1457 42 4267 1325 945 3765 4150 186 4550 457 3788 3410 3161 3811 625 3572 1142 4599 1785 1659
3585 731 1159 1768 2089 2606 83 3991 2395
1089 4035 1540 3397 4966 4264 2569 2412 3854 368 17 3363 3587 1843 1434 2715 3325 195
609 3618 611 1412 1317 2472 3185 1155 1492 1846 503 952 1530 3867
995 4710 3622 4103 4808 639 4330 1071 888 818 948 4664 697 1423 3069 1375
3712 161 2882 4678 2567 1192 4137 1901 46 136 3699 1358 151 2462
1600 3714 1765 1832 3881 2251 3116 1650 3643 316
3296 2402 1123 3717 3244 45 2466 721 851 2484 2264 4890 859 1436 3547 3781
4708 1190 4745 3722 403 2381 2446 2319 1265 307 1854 2537 2172 3354 1372 1661 2012
3264 1248 1843 964 3556 17 2569 2412 1325 174 4497 3966 172 2901 4089 250 4732 2101 3774 991
2178 3780 2309 1895 135 2447 4338 3251 2137 2938 157
896 1826 1763 1860 1701 1318 2856 329 3799 1964 3949 4048 4984 275 4501 2295 2583 123 189 158 4991
3808 1858 4228 3017 3178 2539 1333 438 586 543
1424 322 3843 68 293 1351 1609 278 1810 1232 3122 4528 1972 4790 1974 3866 4315 986 4470 4959
673 1894 3846 2056 2570 2959 2167 4985 3292 445 1630
1120 1498 4963 1350 561 3369 1131 1517 4913 1299 3975 3861 3290 2460 3499 2974
1984 3873 2307 2820 2629 3014 2689 2216 425 580 4611 4665
640 992 1859 1828 2386 3043 2750 4248 3900 542
1344 4193 323 3910 4170 2955 663 3981 494 3282 3479 697 3101 3257
1600 1765 1832 3881 2251 3116 4045 1264 3953 1650 1449 3643 316
2528 2817 227 666 487 5000 814 879 16 2008 1710 2299 3480 1689 2586 3963 3002 414
1216 4449 733 2507 2660 1121 4011 4207 999 3908 569 3450 219 4523 734
848 449 643 1540 3302 4966 3175 2569 17 3199 2412 718 688 4497 1843 1614 2924 4059 1365 3709 4021
4064 1984 4022 481 3304 1421 3887 2704 497 1204 4406 279 1177 570 4539 1776 3038
896 1763 1860 1701 1318 2439 1416 329 2986 683 1964 4048 275 4991 2295 4984 123 189 158 4095
4096 4384 5 1574 1888 618 3403 3533 3950 1039 1616 1521 22 2775 3133 1596 4509 4896
4097 276 1560 2209 677 4397 1589 1720 3769 1083 2632 3919 4820 93 2143 2657 2787 364 2287 240 1265 1140 596 4475 4348
4065 2050 871 3944 2891 2125 1102 1608 1940 1559 4123 4337
866 1564 1674 4145 3700 1109 887 1208 2068 3962 2780 1304
3497 2562 2533 4625 4168 585 2571 940 2767 4689 2579 1276 118 3177 26 444 4156 1918 191
2187 411 2206 2079 4900 678 2600 1069 1966 1858 1736 2633 4182 4579 228 1385 1258 110 2679 891 1916 1278
1155 1412 3209 3852 143 2628 3867 1317 935 2472 179 1846 952 4157 4673 3524 3409 1492 854 3813 609 611 4197 465 491 2541 4718 3185 503 1530
1252 3304 2185 970 2583 4236 1100 2801 3348 3582 4247 2203 30
2083 4260 4214 1590 158 4131 4629 1654 2116 2269 4862 4101
4640 3075 1252 4262 4967 3304 2185 970 2583 4236 1100 2801 3348 3582 4247 4484 2427 30 3647
1744 1381 4904 4425 523 2223 2000 1586 915 4276 598 233 1496 2234 3517 1150
4288 1570 4963 2460 1350 3975 3369 1131 1517 893 561 183 1299 566 105 344 1498 3290 3499 2974
2817 4484 5000 16 3160 814 3480 1689 666 2586 414 31 3616 1826 1710 3002 4293 204 2002 2008 4957 2528 1762 227 487 360 879 4341 2299 4501
4005 1225 447 2030 4303 3953 2290 654 1783 3131 3365
2053 1168 4120 4122 43 175 2618 2619 4289 2754 2375 1993 2762 849 2778 4318 2151 1131 1533 498 2681 893 1919
4320 2210 3107 900 2278 4235 2510 664 3971 622 1422 3224 2867 2426 1565 3070
2784 3361 1443 4712 681 267 4333 4403 500 2078 662 2039 55 122 4187 2142 703
911 3120 2291 244 4373 88 2203
4375 2209 3234 276 2657 2632 2388 3919 240 4820 3381 3769 1720 596 4475
578 3305 2698 2199 476 3438 3824 913 4370 755 4405 1833 376 633 1756
783 675 4903 4905 2091 2737 2483 4918 4407 441 2106 4796 702 1727 3136 2634 2513 354 3941 743 39 2413 1394 757 1278 1663
1280 454 4840 2217 2858 203 1004 1838 4078 2062 4408 1466 3611 538 1855
640 992 3043 4772 3150 2386 1859 2750 1828 542 4415
1418 395 2077 926 2848 4259 1193 2602 1325 3632 1950 1848 4427 2005 86 3416 355 1764 3301 1384 119 4346
4674 3365 1225 447 2030 2290 4437 1783 2522 3131 654 4005
1665 291 726 4842 1104 1779 3508 1941 3158 1015 2488 4468 3967 4447
4450 903 746 3152 2257 1010 1781 728 346 1019 4061 3743
128 1486 2022 486 4455 3531 3166 2478 1007 921 3217 210 4180 1342 87 1400 852 4724 4337 4894
1545 1262 4846 2328 1052 2595 4518 1320 554 1707 177 2994 1078 2366 82 1235 724 4066 103 3689 750 4457 2042
3329 4487 1897 2922 303 2576 2238 23 798
2336 560 4258 732 837 2956 1591 4556 2274 1711 4304 9 3605 2646 3159 2716 1653 1915 1276 2878 2943
1894 2056 2570 2959 2167 4570 3292 445 1630
3107 4642 1059 1544 2411 1231 658 899 979 536 283 3163 4220 3451 1087
2048 752 4387 1670 1959 3976 989 651 1773 1933 336 817 4658 1507 4886 1067 397 2163 427 2495
2528 2817 227 4677 666 814 2008 1710 3480 1689 2586 2299 3002 414 4853
2569 17 2711 2074 1704 172 174 1843 2101 2231 1598 3264 964 972 2901 1370 1248 2406 4497 2412 4719 4089 250 4732 3966
198 1890 3974 4742 936 1132 2572 2893 3150 591 462 1366 1496 2522 3035 4909
1889 1270 2661 199 1579 4269 3630 4847 2609 1733 341 4822 3417 1596 1905
3382 4866 4643 2661 199 1579 4269 3630 4847 2609 1733 2323 341 1270 1144 3417 1596 1905
3494 1770 4823 1327 3601 4020 2006 1943 3352 2201
4546 2267 2213 1574 1703 2953 1463 1452 558 4402 4435 4468 462 2487 2424 923 860 4275
448 3937 35 934 4998 2311 488 3210 1164 2094 3920 2872 1076 1878 2040 4633 4699 127
3105 674 2596 4069 840 297 4490 301 365 4752 1256 1554 3124 3448 1060 2296
1280 454 4840 2217 203 1838 3249 147 4916 2062 4078 1466 3611 538 1855
1157 279 1432 1437 2857 682 2347 1330 4531 2876 1853 4290 70 4679 1480 3151 3281 1746 2651 3687 2798 4723 4980 1662
1312 2880 1922 67 3877 3784 2469 1079 3565 3853 3667 4787 2870 3863 2271 126 1439
4610 1158 2577 2579 2712 667 1696 2337 3875 2982 3754 430 3250 3766 696 2246 3144 3031 4697 2658 4080 2547 886 2554 4733
2041 4354 547 3686 2503 3464 3639 4524 974 2993 4371 116 437 1782 887 787 3673 476 3773
1220 3606 1478 4681 4682 2059 13 2161 3090 1395 2418 3030 3959 4920 2202 2866 4828 4093 4926 1726
4993 1147 1734 1062 1057 456 1900 2314 2252 4463 3857 1043 309 1974 4777 1113 2107 4893 1427
3968 417 3938 3462 689 1512 1740 1794 142 432 2033 84 441 4446
4480 768 4930 707 2789 3878 3945 459 2477 496 905 789 2485 759 3029
384 2947 2230 812 4744 2729 2007 4460 1912 2188 435 502 4663 1880 473 920 957 4396 37
2560 270 2066 797 4897 4516 41 1194 2098 820 4158 834 328 1484 3022 4431 1501 3553 483 4838 1258 1260
1120 1771 4965 1180 95 3467 973 719 657 3826 3571 373 3798 4151 3258 795 2748 3642 4311 182
1441 2724 1957 2568 4853 4591 4592 3901 2270 405 3652 2751 3260 1117 1822 2207
2948 2822 1297 4890 924 295 2268 967 1836 63 3650 1863 3790 336 4947 4692 4572 3280 1634 4892 621 1308 4986 2045 1023
1507 518 1067 1773 2318 752 817 1251 4886 2877
357 3654 776 4874 4364 3086 3573 4442 3455 764 1402 3317
2533 2086 4168 3497 2571 205 4270 2767 3177 191 1276 1918 3644
866 2780 1674 887 973 4174 657 95 2068 373 182 4151 1304 3700 3962 1208 1564 1109
3520 1025 4996 1254 966 2881 2440 1963 2738 2479 4200 3986 2585 3001 4249 3994 828 634 4479
1440 1409 2626 4643 3621 3146 2379 1378 3576 434 3731 4439 4344 2425 762 2110
3696 1589 996 4933 4614 359 4265 4266 459 4781 109 1904 3665 1107 1653 1747 55 2683 4988 1711 1541
644 906 2324 2069 795 2590 1825 3236 4645 427 178 1718 4922 61 4037 1864 1750 345 1374 2530 2916 4841 1516 4541 1407
2944 4355 16 2449 19 1433 3995 164 4018 3893 964 2119 4296 3530 4299 4958 3600 487 4968 4203 879 360 1394 631 3581
528 2242 3609 3173 4230 2855 4492 2894 112 1489 1970 2003 724 3221 1494 1431 1688 3257 3226 3868 4895
3909 870 3432 3724 4459 2124 2034 2355 4245 4983 3834 4027 4858 1118 1413
1088 3169 4805 2538 684 3729 3346 693 2934 2009 764 3274 862
1 2312 655 272 4887 2081 35 2085 692 194 3140 1226 2897 3540 3285 86 3040 997 3182 1647 3313 4086
1856 4322 3684 2245 838 7 3113 234 647 2153 3394 1133 1424 2806 882 2294 2722 826 2972
2304 3937 973 4109 1968 1776 20 373 182 439 3764 1307 2365
226 4965 2988 3682 3055 82 990 2358 4025 3193 1626 3294 1791
129 229 3494 3601 1770 1943 1327 1552 4817 4020 2006 727 3352 3290 3835 2204
2240 769 130 3939 709 934 3207 3818 1322 167 3821 1653 3514 4889 2842 1243 3111 3210 4831 3541
196 4453 3110 3047 1030 871 3916 4209 2419 1877 2641 3703 2840 2233 4634 2842 345 3589
4832 2115 579 389 3015 1416 4263 2958 303 880 3368 3314 4147 436 2840 2169 3759 1419 3262 229
2628 3813 935 3209 491 3852 237 143 179 3524 3931 4157
252 2145 387 1575 1705 4202 4046 721 1138 4595 597 2903 917 2458 1311 28 1149 1269
416 263 2914 292 2982 4198 2407 2021 3339 1068 930 1006 911 3185 756 2837 2648 2340 955 4997
3458 1027 2317 2065 1172 3608 285 1566 3109 299 1708 1462 2105 4798 4931 2255 3409 338 212 983 2909 608 1893 3814 490 369 115
896 392 275 2583 158 1701 1318 2986 683 1964 189 833 1860 2375 329 1099 4048 599 984 738 1763 3949 4214 2295 4984 123 4650 4991
4386 2467 1796 421 1479 3560 2285 4526 4597 2838 503 2200 2430
1473 4199 1033 3440 2417 4307 1493 471 728 1176 2261
1088 2939 2181 3078 1928 1740 2350 4783 1253 853 343 1082 511 2714 3390 3333
4420 1861 679 2638 3504 3473 3796 630 2135 2360 2070 785 1438
577 4739 4612 2921 4620 2768 1331 1244 2421 2486 3063 2394 859 3068
1410 2063 4118 32 4003 680 2473 4143 307 311 4280 192 2113 326 4807 2120 1357 3793 605 4958 3045 2662 1255 3564 3320 254 895
1345 4281 2179 2811 993 4424 4521 3594 1165 3393 2548 4054 3657 4596 1761 2237
4414 1862 4968 2825 2732 365 2158 1968 840 4530 2514 1678 1527 3096 1161 2655 1277 329 3384
3075 1686 4870 1676 4547 3222 2332 1309 3233 3491 1445 2603 2991 1335 1080 2236 3263 1219 968 1615 1123 3683 875 4210
1 3458 1027 1924 2317 1172 4887 3608 1566 1323 3109 299 1708 2105 194 4931 4684 3789 2219 983 608 1633 1893 3814 490 369
128 136 268 151 921 1007 2462 4137 2478 2096 4894 4809 1358 210 852 1486 87 3166 2022 486 4335 4724 4180
3328 2186 399 146 4115 2196 431 152 1455 164 166 39 4652 1326 1967 690 58 4927 321 2630 4295 76 3022 336 2513 212 4696 217 1248 2785 98 229 3453 4976 631 248 3706 3835 2685
4672 1345 3202 4803 1748 4298 813 718 623 3184 2292 1230 1454 3224 2260 4282 2399 4252 381 2389
1504 193 98 4996 2341 1254 1607 2076 343 1068 3149 112 4049 595 309 4727 2072 184 2588 3064 3679
1348 1509 3366 4135 4810 1387 308 245 2616 3338 4124 1898 1887
2721 802 3427 1617 1683 532 855 2873 2714 2652 3807
2189 26 2978 293 1962 1067 685 1583 817 187 4032 1994 3542 1627 1507 2150 2283 1773 2671 752 4978 1788
1472 1697 141 3502 1651 3446 2361 2779 3837 3198
4512 897 2827 2788 581 2182 3655 4615 4491 413 947 3156 4413 3607 538 38 4029 2015
4417 3619 1191 264 3337 209 715 1869 815 2896 3761 285 1753 349
3555 933 2087 904 2967 1396 1685 694 2615 632 3353 4826 2910 671
1793 515 1542 3721 4746 1882 1293 1341 4466 723 3194 2755 3672 4090 3003 1085
2176 1857 3211 2825 4075 333 3025 1440 181 150 4411 3388 1813
2273 898 3907 3335 809 939 686 624 4977 2423 2100 2734 534 3049 4184 1520
2310 3911 2024 2023 3024 2354 3379 537 440 185 3579
3200 1921 610 1955 1481 4906 3119 2227 1332 2325 3512 2819 4074
385 1283 3142 3531 3283 3831 314 2555 3580 2621
4928 4545 131 646 2697 4843 402 1742 2640 722 3603 4212 4814 1016 1044 4283 1294 93 3934 4607
1153 770 3332 4134 4193 589 3246 2961 2997 1090 1243 4221 4286 4127
2945 649 522 2319 755 3354 3230 2980 1190 1756 4908 4525 307 3678 1854 578 1605 1992 3404 3276 2381 3153 596 4186 2012 2910 3059 2172 4211 1372 3321 1148
2320 1659 1142 4550 3161 457 4458 4267 3788 1678 3952 625 3410 4150 1785 2553 3803 3228 4362 2597
3136 33 4482 3041 2049 2318 816 3505 323 1488 4503 4188 2238 3487
3231 4568 4638 1695 672 1443 4516 1190 4653 697 2875 704 4034 3523 3020 3795 4693 4824 858 1116 863 1127 111 3958 4088 891
4770 4707 2757 3750 4394 3275 2733 751 4112 1891 2420 1909 470 3511 2394 2927 2333 2693
1089 4035 3972 3397 195 4264 3854 3666 3363 4666 2715 3325 1434
609 4829 2635 3076 3686 4489 171 1580 3629 4302 1519 1347 830 260 1355 4989 1629 1274
1960 393 3692 3213 44 4113 4306 2805 2397 952 890 415 4314 2719
576 162 645 4422 3047 2536 2396 1037 334 4529 1879 2392 2649 1179 4764 4031
643 2694 1799 3342 18 3886 700 2293 1095 714 2259 1750 857 3162 3037 2529 104 4969 3313 1022 892 4990
160 4875 4552 1660 938 3627 3924 4622 1853 80 2802 3188 238 3192 2905 3452 2858 222 4725
2051 260 1267 3752 3628 1354 4876 589 846 3645 1328 3985 1075 1361 4995 4951 1080 4410 1923 3869 958
32 1840 3460 3141 3174 4136 4554 1995 4911 4368 1203 1130 4854 1401 1907 2276 2365 4510 965
3744 1731 2532 1766 6 3143 4520 170 428 2190 2127 81 4594 1715 561 3415 4883 1722 79 92 1237
1671 2703 2067 916 3758 4374 1687 1817 296 4937 3255 1339 4924 4802 1604 1737 1099 2126 1935 3036 4701 361 3306 4077 508
3360 513 386 4363 4092 1735 3516 1514 1547 332 3053 2766 1199 2321 2627 4381 3694 2359 3196 2941 3327
3312 3778 805 583 2824 3593 4811 2670 4400 1873 2322 949 630 825 3225 3066 1755 1713 2215 447
3713 3330 3845 135 2204 2859 3377 309 3130 458 2114 4426 4857 1400 2391 2140 3806 3426 1275 614 2552 3705 1403
1698 2403 3012 2598 4358 2759 3273 4068 557 3248 1778 4340 3413 4758 1911 4185 3538 4316 3044
1216 4449 219 2660 999 617 3658 4523 4207 2673 4576 569 3908 3450 1851 733 2507 4383
2529 3651 1572 1465 4584 1929 1552 1969 1732 1621 1942 3977 2168 2404 4539 4377
2464 4709 4006 1001 1386 2763 1356 494 3345 3219 3510 3849 1811 3641 3676 4159
2146 4419 133 2097 3592 2793 874 747 2141 4913 4819 3864 3865 3418 477 607
641 4869 1673 786 407 4251 1691 3753 2096 4467 4152 2493 4418 200 2255 4179 2263 1117 3559 366 4465 3955
3168 4641 1913 868 1063 145 3850 2608 4589 4173 2224 977 4660 3254 4791 3833 4495 4880 2913
2977 4002 4835 2884 3179 3067 2672 3028 2582 3447 2680 1690 4667 2298
160 3456 4102 4353 4552 1660 938 3627 4622 80 113 2802 403 3188 4725 3192 2858 411 3452 893 222
2465 3298 1379 1566 4647 3272 2281 3661 910 2845 112 4849 179 4948 4110 1302 4183 1978 4797 1534 469
1797 2566 4621 4119 1817 923 3615 2342 4785 183 3513 2111 452 4040 4809 588 4877 2745 1119 2408 575 1404 4605
3745 2 3715 1668 1927 2984 3463 2808 1425 3762 2899 1845 2999 1528 2212 3167
2847 3291 4325 3367 2581 2477 4462 4657 4398 3214 1656 3157 4635 60 3454 3903
2561 4359 2441 653 2075 4902 3112 4139 2057 3004 1601 3785 4430 3284 3287 1501 4062 4706 356 2664 2038 3319
512 4128 4196 1990 4604 4042 4171 748 2930 1998 2706 3382 4376 1593 3674 444 2301 4636 4703
3840 4246 3208 1673 3596 3725 4440 3989 4502 829 1606 3018 2253 4433 1367 2520 3421 4962 485 1642 4971 4972 878 3961
4688 1603 3876 4902 1831 2250 4519 3980 1839 1040 4464 3083 4868 313 4248 980 4378 4571 1212 2557 2046
3874 4043 3748 2183 1577 1383 4258 4559 3964 466 2771 1013 1880 4580 4507 4700 4029 3509
2080 613 4294 3303 4553 2951 3948 173 711 1008 3889 659 2702 3383 440 4729 2906 2508 4287
2817 4747 2149 4327 3436 331 4044 2861 4175 11 2448 57 4441 4058 3422
3457 3842 1349 902 2055 4428 66 2369 3425 3245 3698 270 2265 4015 2428 1789 3935
4994 3334 3335 4750 4882 2454 3612 1182 2208 4392 4651 4914 3634 3896 3526 1481 848 1106 2401 4836 4586 619 4648 4850 3315 1908 3061 1272 3050
1163 411 29 31 3488 1693 3235 4903 4012 1582 541 4041 3771 1097 1463 204 2895 4564 4950 472 1129 3691 4589 4474 383
2368 3841 2786 765 4644 4421 3081 1034 3468 962 2348 2578 4884 2676 3990 4631 3929 1946 4409
363 1810 3417 2587 4508 1309 2723 4389 4780 1709 4399 1841 2871 1595 2378 2506 4300 2645 3300 740 4331 110 754 2813 638
3489 3395 4772 3525 2663 3528 3431 208 1777 3026 1587 3860 3349 2088 1364 1151 2620 382 165
3809 65 4257 74 3787 3914 784 3922 51 2132 3478 761 2905 1373 3646 3711
4577 4130 1643 1412 1160 1513 4138 1323 4162 4655 176 3928 58 341 4056 3097 4250 3419 2109 2686 1183
4226 620 3347 285 160 2210 3107 933 1201 1334 4921 3791 80 3537 2130 4955 1500 1508 3685 4071 3816 1769 748 625 1013 3062 4471 3448 2682 509 4734
3720 3340 915 3103 4390 4273 2614 704 4549 4680 1611 4685 4176 4178 4565 3546 4704 230 2409 375 4473 4350
4873 525 3982 3733 4763 4513 420 1446 4272 435 2104 3913 2509 3411 3470 4217 2405 3430 4713 3695 1012 4345
4738 777 2826 1432 1053 3102 168 4266 555 4014 1181 1717 190 2371 4939 3534 993 997 4456 3181 1135 3057 2034 4215 249 2429
4290 2659 3204 70 4679 1981 2347 4531 2798 3151 3728 3281 1330 4099 4723 4022 279 1437 2651 1853 1662
4609 133 4872 2957 2191 914 1518 4256 36 38 3848 4533 1721 4548 2886 327 1353 4813 4686 3539 4052 4772 271 223 1506 3566 3065
2475 268 781 3858 3862 4761 3100 2589 4587 2211 4008 3755 2860 4782 4788 4661 571 4284 1899 206 4821 3172 2283 4977
4100 2565 3080 1167 1819 4766 3108 552 4268 4338 56 4793 3727 318 3189 1986 1989 841 3794 1239 1499 4833 869 4970 3442 4670 1014 3839
3680 1537 4483 933 2534 3847 4393 2410 3927 4845 3598 4623 1104 4722 4016 2964 1758 1815 4656 4222 4863
3079 4746 1934 1488 2965 3094 4380 4382 4778 4140 3501 3888 3380 565 2128 2642 1363 4053 4694 1114 4702 4321 4323 4861 3838
2305 4357 4486 266 3973 4007 173 3763 3765 1847 4925 62 4938 4816 4946 211 4566 2519 1624 91 4317 2926 4336 371 2821
1930 4365 4888 3997 546 675 4901 4522 3760 2226 4534 1207 3515 3779 4932 2998 4297 76 4941 3279 853 854 867 113 2685 4606 4181
2436 3591 3979 4878 4498 2969 1184 1188 2854 3492 2604 3503 691 4935 3659 4945 4949 3288 1497 3942 3946 1396 4981 4855 4731 2026 3326 213
