4610 2725 908 2538 3659 4684 1041 4821 4823 3482
2944 3585 4454 3233 4968 4942 369 51 1078 727 3064 4761 1404 3304 1272
3974 1256 746 2251 175 667
802 3876 815 4016 3793 2770 309 2967 260 4028
1056 2498 4899 779 4930 1679 4336 3185 1365 538 3247 1663
2368 3107 772 901 41 2098 3128 3903 3781
3074 4195 1478 1255 680 4554 3842 2383 2568 2143 1179 1724 1567
608 1027 4580 840 3658 3757 2063 4371 1470 822 3012 4058 2332 1418 1854
3329 4771 1540 358 3206 4967 748 1068 1638 1454 2095 4881 4850 4963 1228 4950 991 989 1661
1056 2018 36 998 593 3037 208 145 3893 4509 1629
2146 3624 555 145 4114 468 791 1274 2171 4956 1626
4644 1351 1608 1022 1898 874 702 25 4921 1340 74 4830
4864 324 4805 396 1069 3822 4819 2101 4606 3349
833 1508 3399 3880 3197 3065 3101 2495
357 4874 527 914 1145 4186 650 1726 4421
228 741 3334 1486 631 2490
2891 3210 299 12 3054 207 3630 4342 1241 4476
1184 4994 197 103 3888 1201 2590 3545 2527 2341 2846 2501
2882 3235 69 4298 4685 4259 2302 4182 3198
3971 2181 1034 3307 1612 4846 47 3507 1304 860 133
3652 2632 301 3086 429 1648 370 883 4014 3927 1656 1562 2491 3583
1627 165 4766 700 2942 2801 1203 1822 22 4538 4859 1212 1949 1086 2303
2819 3141 391 3691 558 527 273 4147 55 1203 156
2864 546 3011 2260 2471 360 4489 1134 4976 88 1539 579 628 2265 1720 2836 1149
128 257 1675 4111 2066 532 3611 4895 4896 929 802 1321 58 4283 3137 725 87 2392 603 2795 498 2164 118 85
1633 898 2467 633 1381 2727 745 715 2505 4878 4271 4209 4887 1273 4635 3868 2622
4865 1221 4393 842 4204 3981 1745 3187 2358 2217 3066
611 1677 625 278 1304 4505 2909 3391
2096 386 996 1703 1449 1455 4496 3986 3158 2106 4475
4715 4 502 4331 1517 3665 85 2358 1625 27 3581 894
3968 2696 9 913 423 4916 777 313 4801 68 967 2121 1998 2130 2644 4952 1766 1896 1447 1150 1528 1405 1406
4483 2212 2376 1258 1453 974 1299 4494 4438 462 1402 4988 602
2080 33 450 996 1445 326 267 4450 46 1489 709 350 3414 1559 954 1148 3678 95
2112 33 3366 1736 703 1740 2098 4046 1693 1618 4563 501 4502 1582 1597 85
2562 2147 3108 2086 3035 2736 3995
4192 163 708 808 3785 3851 1096 1528 2713
293 1926 2375 1481 4970 2669 751 1360 4434 4467 2740 2582 2121 1462 986
3362 420 2934 198 4936 2219 1676 1986 8 2097 3156 1526 3803 1247
4904 2540 2193 2994 3219 1689 1337 635
1380 2054 743 3145 4426 2679 2738 1458 1010 1558 4695 185 794
4931 357 3461 650 4171 526 914 1145 1626 4874 1726 4421
3013 1544 2569 1745 2706 4148 3641 3708
1313 4072 1839 2577 1587 503 1658 4189
4804 2309 1190 395 4492 3409 3731 756 1590 1158 1496 729 58 2108 4125 1502
2565 392 140 152 22 2712 156 4381 4741 2592 165 4009 1949 4272 436 1212 1086 1221 457 1627 1503 610 230 700 2801 3187 1655 3066 4859
673 3971 2181 2664 1034 1739 1612 47 689 1903 340 1227 4055 1849 3307 4923 860 3831 133
4744 143 280 1042 24 164 4776 426 44 3899 1470 959 3138 3786 2123 210 1366 399 4574 1506 2409 366 3439
1536 4193 3830 551 3848 1390 4737 3286 1656 4861
610 1988 1961 4810 2448 1425 3669 3542 1623 2840 2980 3797
39 105 327 559 1136 3252 1365 4884 1753 4852 606
4962 2119 3891 247 3737 4287 863
2465 706 1507 3332 1189 1350 4935 4042 1169 3351 4696 3577 965 2813 389
2695 3629 3248 1209 1786 4123
237 3151 407 76 909 3085 1297 4914 2259 1246 1682 4471 2040 153 1842 4925 3352
4960 1537 1762 1795 3912 1035 1452 3919 4116 4759 600 2100
2950 487 1480 1869 4750 1882
4893 3590 4616 521 23 280 29 1189 807 683 2734 1711 4784 1614 978 1366 2524 224 1505 1959 2417 114
1536 4193 4772 3830 551 3848 619 2348 4559 2418 1429 3286 1656 377 1167
1313 1700 4363 461 2349 16 753 3570 19 1845 1880 4794 2683 4447
4256 1025 1351 1608 74 3911 1898 3951 786 1022 25 1340 874 4830 702
4993 1156 2438 44 143 528 3218 2067 610 2583 2456 285 546 164 1542 2086 2665 425 812 1714 2478 50 3252 1289 3387 1215 576 4674 331 34 210 1237 87 4953 218 399 3551 1040 4450 739 1510 1513 82 245 2409 4856 3193 119
1281 1253 2721 3560 2348 1167 400 2418 1429 599 4504 316
3874 1411 550 2150 951 4780 1346 173 450 209 27 887 3928 315 31
1664 1878 4999 1549 536 283 1439 519 2476 1326 2354 1205 2103 1720 825 972 4820 470 4567 3033 1372 2921 4973 879 116 361 632 2813 254
352 2244 4167 1932 2541 4493 1113 89 1944 2937 2020
3904 1124 1221 4102 457 3691 558 944 760 887 854 213 790 759 152 2138 572 541 4457
3172 1030 1223 3817 4170 2510 1967 4082 2069 1978 170 671
4641 2571 612 3147 1997 1841 3619 2297 964 2591
2722 3688 176 3464 1687 856 200
4770 4868 2695 3629 77 3248 1209 1786
1088 97 740 1382 3201 1180 4234 2283 4015 4752 1911 1444 604 778
1633 1730 4456 1257 898 1327 497 4562 1812 471 904 764 3389 2334 831
449 1698 39 2408 2315 1136 3250 3188 606 1753 327 4985 638
1030 1223 170 2510 4401 1978 671
2336 1956 3685 4070 4585 4844 1901 2767 4117 2377 540 2335
3555 4645 4518 9 4205 2514 2691 213 697 313 4250 4661 1822 4511
195 855 2574 4911 2896 4702 119 124 2333 4798 4782
577 2114 3395 804 3941 1479 2044 107 4620 1389 303 3664 3985 3011 1268 1655 3644 4279 4735
1218 1960 4778 1419 332 4877 591 1650 531 3006 1112 188 446 1333
931 3857 2250 3083 4529 1044 917 1177
2496 4258 581 3415 4340 2710 4343 3643 1436 157
2155 1387 4558 1712 2091 510
2304 4160 642 4611 1937 1116 1066 1265 28 4944 81 2196 597 4297 4948 1204 4314 476 3125 4159
1167 530 1518 2972 416 1064 53 695 4412 1344 1602 2243 1224 1355 4690 1363 3668 1756 2399 871 1261 4590 4081 2807 4989
2914 899 2087 3305 2452 3019 4334 2000 4242 3700 4921 1031 3705 1082 1627
4833 228 741 1610 1486 181 631 2490 4891
4640 931 4996 4709 3946 1230 1554 1051 3516
4162 484 2921 139 2704 3953 4754 3892 3607 2106 220 2493 1434
4569 4999 23 1425 1427 1113 536 986 422 1959 4648 683 1070 2227 1205 1720 3391 4553 985 4826 2524 361 807 876 632
2658 1223 873 2082 848 4915 2964 1782 1591 4344 3924 1948 3421 30 1011
1638 358 1228 748 3762 1661 991
3136 454 3468 2156 466 4062
3809 4676 1254 1161 747 2573 3313 4628 3031 2202 3004
704 822 1993 3530 1964 1071 1009 4822 2872 3386 4795
899 517 2791 2696 3113 1031 4589 1998 3599 784 2644 967 2087 1082 2938
1 2946 4388 5 391 682 1355 556 2798 339 772 381
2 1029 1739 4882 1749 1367 1241 3226 405
385 3 6 1388 139 2065 1938 1941 1559 3739 159 4897 2886 4519 732 3373 2353 434 2996 2998 57 192 2754 2230 2502 33 4560 3030 3940 2266 220 2785 2275 996 490 3436 1774 3699
3810 35 261 1349 2953 1962 2187 4677 4431 2256 276 21 2071 3963 1213 4127
32 2656 1122 835 580 4711 4071 290 1742 1520 1777 2951 182 2753 891 866 1119
609 3106 611 40 1802 1323 588 1677 559 625 2903 2722 1304 1128 90 2216 2539
1595 4987 2598 300 238 4464 49 3730 2548 2773 1880 473 4155 251 3644 731
3361 2758 3110 1799 1535 61 1023
64 4144 67 4133 3591 1385 106 972 717 4367 464 2847 2655 666 4443 4540 63
3008 528 66 4484 2437 4614 2599 4682 1314 2446 1295 1616 1461 1188 4891 1279
481 514 134 70 42 3906 889 506 730 286
1537 1762 3941 577 72 41 107 1390 303 3985 1268 4759 600 3711 4763 2044 4735
640 3475 802 615 200 73 1514 4044 3118 371 1321 504 1209 255 925 1055
4737 2756 295 551 713 75 15 2646 2500 2459 4604
708 1096 3305 3759 1463 1369 92 1437
961 1122 835 1651 2152 3950 1520 1777 1107 1780 537 4699 1084 93 4319
100 2021 3857 2888 1741 2030 3217 2518 4286
3458 2723 2148 101 2374 3431 1867 2604 16 3093 1657
2753 290 454 2951 393 4395 2156 109 1742 466 341 1470 891 866 4062 1119
3073 1579 179 3080 3743 3360 4001 1905 1704 681 1195 2991 307 3512 624 322 2892 1105 3926 217 2781 2784 4321 849 615 112 1649 1394 127
772 3350 1814 795 156 1950 3717 32 673 3240 298 4652 688 1075 191 3521 289 587 468 2645 342 472 4570 478 3175 3820 120 637
674 453 1037 3311 2711 248 121
3264 4 1349 4615 970 206 1487 433 83 1902 122
2672 2338 8 11 845 847 4688 146 564 4472 506 126 895
2784 34 3080 322 4815 1394 179 245 127
129 6 1045 2465 805 41 172 1330 1332 1208 2367 3788 1106 4311 730 220 3680 227 484 3301 614 1129 1517 3059 3702 2681
1282 138 1691 1052 3873 4774 295 296 2475 813 177 4675 2246 75 1250 613 3495 1262 879 624 504 889 2429
3936 1595 1291 300 142 2548 238 473 731
1441 1570 1187 3812 4038 552 4969 2058 204 144 4435 2612 56 3012 412 2205 2078
1760 455 776 394 2983 1965 2225 147 1553 249 1083 1916
1315 4263 2763 963 1812 1685 150 983 216 3769
641 614 3432 41 1294 3601 3539 821 155 2238
160 176 2722 101 4139 4528 856 564 438 1687 120 1915 3165 581
161 353 682 1355 556 2798 3538 339 381
1281 164 166 3430 3510 3560 2409 599 143 3344 400 399 4836 278 2519 24 196 4345
167 649 3562 651 1325 1361 1972 2665 3353 330 2474 4191
2567 168 1415 1168 2513 2643 415
386 521 395 2321 149 623 169 560 4915 2232 573 4424 2761 719 471 219 239 499 500 1016 1785 2556
386 4869 623 521 1016 205 239 2321 499 149 886 1847 184 461 2683 1018 3166 191
3491 455 2600 1965 776 147 3476 249 186 1916
1221 457 331 2958 3343 211 782 439 152 187 637
1160 4362 75 2430 2029 17 1333 4597 3402 190 607
194 2052 1125 262 842 3426 2061 1073 114 1884
2401 164 166 2409 399 24 196 278 2519 4376 4836 143
1155 2215 2027 4529 2261 203 4635 2205 4094 1621
981 198 8 3772 4714 1676 205 142 239 2097 51 2741 2038 409 2460 1532 61 1694 1247
386 449 2315 3980 1695 1698 3622 295 3250 4797 961 1734 1484 4050 212 96 231 2408 618 850 2801 3188 1657 638
1088 161 4643 1382 353 604 682 1355 556 339 2798 381 4339 215 1240 1180 1757 778
3073 579 2401 1864 1704 3090 217 221
192 2754 2275 132 6 4966 4519 684 3436 3373 4817 1827 2613 2404 3739 4556 222 159
4864 1120 961 452 1657 231 96 618 622 850 2473 641 441 603
481 5 134 232 42 812 4445 2897 1911 506 1820 2685 286
514 484 950 2982 519 77 654 527 946 2676 246 1028 461 2684 557 3326 191
1821 390 40 2955 3020 1773 46 559 2608 1128 1493 697 90 253
2657 258 2597 1256 1196 746 2251 1260 175 667 2172 1407
259 1063 9 2314 3627 1681 2514 2691 4661 2102 697 313
3808 962 3331 2790 2761 2221 271 2034 4499 2164 4437 822 3959
272 106 3291 4180 1727
544 2272 2062 2225 275 2932 1758 3543 2525 670
2177 3522 321 1354 930 1008 659 277 694 700 862
1226 3509 281 1818 2907 1725 958 1877
416 128 1602 1025 1706 282 1466
1529 4947 2055 2153 2007 941 1582 2973 656 3571 2105 2422 1961 1881 570 3227 284 573
291 4709 1447 969 3946 1646 989 1051 1993 931 3540 1230 4087 1274 1723 3516 221
1856 1635 309 294
128 833 1410 1508 1597 1025 2112 2098 4046 3101 304 1106 1776 85 3065 1466 703 1693 2495
3360 4001 1579 681 1195 2892 624 1105 307 3926 311 3512 3743
4998 2342 3055 3279 207 687 1428 3127 3001 1082 4507 4751 314 250 2661
1539 548 1134 3792 995 628 318
545 2626 310 4694 4346 140 397 4338 2739 1014 153 218 95 4626 634 350 319
4992 321 1668 3271 2728 557 2605 1584 3472 2905 2573 990
4673 325 200 366 270 1236 245 61 805
547 4650 1202 1870 2258 334 1819 1077
2752 450 3715 2596 4366 338 2775 2046
2705 345 1493 2169 1433 796 158
2305 2049 1159 4456 3372 346 382
4871 1389 2810 536 282 285 34 293 3241 1971 2740 1205 1462 2104 4416 194 1360 341 2012 349 2911 2797 2289 2290 4723 2039 632 2170 2940
800 897 290 139 356 2753 936 587 866 1742 1585 370 244 2951 756 891 4701 1119
1922 1443 1994 3564 365 527 4370 1109 378 1802 2037
1409 1444 1765 4929 456 2123 4847 435 372 158 94
1537 1762 104 1388 4716 1197 1615 4722 2228 9 600 1498 379 2650
132 44 3982 143 279 24 1827 164 1194 684 50 2613 4674 835 4556 610 80 4817 210 399 1122 2404 4966 2409 1520 1777 380
2082 387 2788 3497 2379 4813 367 4777 2323 1588 2326 2825 1944 121 3547
181 570 2984 2105 398 573 656 4947 3227 2965 2007 2744 1881 4154 4571 284 2973 1151
353 836 4327 4200 2313 14 245 2262 410
1110 647 874 2830 2484 2838 4983 4056 596 4026 4763 413 2393 1823
96 1601 961 4739 3845 1505 424 2505 618 4839 978 850 563 1589 2473 1657 2204
774 428 1356 980 4340 3930 285 3390
2849 2180 1957 1927 491 431 1329 2580 3131 636
2833 2442 3467 2737 437 2457 1339 668
4098 4996 4872 780 1051 1648 931 1198 690 440 2619 3516 2114 1091 4598 1741 1230 1752 3946 1776 114 2294 4092 2173
448 3168 2471 2888 2793 1002 1133 2735 3346 1720 3324 1149
1505 4740 294 969 458 4274 2734 978 1993 1723 989 2367
1537 260 659 277 2967 929 802 675 3876 815 4016 309 694 3777 4938 459 1103 3793 2770 600 864 737 1762 101 1001 1390 1008 2835 373 3711
896 2689 2505 2721 329 1015 2348 974 353 2418 1429 599 463 663 1167
2782 1505 226 2668 2093 4399 978 469 504 4666 3196 2365 670 405
2532 2214 39 327 559 1136 4852 2997 1753 474 606
609 259 548 1063 1899 1183 495 2160 17 498 2163 692 527 475 4095
4802 996 709 2502 617 490 1388 2996 1941 1559 57 477
1323 2532 1093 1128 1802 2539 559 40 2903 3242 1205 1719 1304 474 2216 90 926 479
2018 485 4422 3015 457 140 593 692 1655 152 3037 318 1221
769 322 3558 3265 488 4909 1966 3856 2673 2088 220 784
961 295 871 489 75 879 240 24 504 399
1122 3811 997 493 1520 1777 3379 1527 4600 835 1979 286
3169 738 1155 996 138 2445 495 2576 4150 4375 1284 539 4669 4095
544 507 1349 970 206 1487 433 83 558 398 1902 4380 3965
192 513 2754 2275 6 33 144 4519 3436 3373 4976 2353 2608 3739 159
2530 516 2917 1479 1577 4775 946 496 3378 350
2498 325 522 779 1679 4336 3185 1236 1365 4539 1663
32 134 2918 3336 1066 525 142 432 2289 2104 3677 4670
38 2407 2856 1580 3701 535 125 4030
480 225 4899 2335 545 4264 4458 1232 1299 21 2585 3129 3546 2111 117 3547 543
3203 2700 404 1941 248 943 4657 2996 566 57 443 3138 2502 2769 2915 996 104 490 1516 366 1524 1400 3476
4512 1 226 4483 516 5 2376 1258 172 1453 462 1299 974 4438 567 2212 602 1402
1723 1604 1830 999 969 1264 2367 1993 4473 571 1892 989 1631
4545 438 2534 2369 1992 405 3370 2284 4245 2358 2136 1754 1019 701 1726 575
4288 96 961 583 2473 618 295 850 441 641 1657 231
674 430 1365 2921 535 366 2991 105 1621 585 4884 1967 703
1761 1923 4453 3142 236 621 1101 176 3256 4691 4565 150 216 4185 3674 59
227 172 1330 626 1332 3702 1208 2681 730 3965
144 2590 4933 1184 2341 4647 3888 1201 50 2846 835 197 3545 2527 2656 1122 103 4969 2501 1520 1777 629
2722 3915 644 3846 1291 109 142 176 1687 856 1375
1217 4162 645 3063 1210 1243 2975
1794 2117 1062 1767 648 4434 2552 2526
1347 393 655 1108 407 1052 3069
2912 881 1939 665 2106 1915 1118
672 2638 1331 1460 1909 2296 2077
2400 1595 300 238 2548 1173 473 698 731
4578 357 711 650 914 1175 1145 4874 1726 4421
3650 1627 2822 1511 712 1099 1231 3451 3260 1022 1599
4353 1220 2855 2224 716 2318 1040 2521 2809 1053
4704 48 644 1733 711 2284 718 1936 4307 142 823 1178 1375
1136 39 2314 327 1804 1262 1327 592 722 531 4852 1753 1656 1945 4731 4756 606 447
1376 481 3657 42 689 726 3416 314 603 506 286
4000 3428 4790 742 715 376 851 1013 214 4152 2461
385 3298 3907 2919 744 2829 209 502 3208 2865 2398 3199
1660 4806 732 749 1165 2900 4444 893
4256 1351 74 3911 750 786 590 25 874
2816 1889 4772 2721 619 2348 2418 4207 2520 4466 755 1429 1464 1007 2300 1167 1983
544 609 3106 1316 3045 40 1194 757 1304 4698 90
237 3749 1297 1577 4106 76 3085 909 689 1842 2259 1682 153 4914 892 758 1246
4865 932 257 952 3891 2454 3096 761
96 1921 2306 231 2473 618 961 850 1657 762
768 3491 455 776 906 4587 570 2225 1110 249 4889 3354 1916 3293 319
96 961 770 3332 3622 231 1484 618 3980 850 2801 2962 1299 212 441 641 1657 1822 1695
773 200 745 3245 4878 1364 407 1181 1758 1381
544 2211 1171 4022 1032 4905 4490 2092 781 4077 3283 2676 1654 2428 508 2718
1862 1383 40 1233 787 1304
646 266 2700 397 788 533 248 4767 1577 457 1976 1465 443 4032 4547 1221 2956 3660 465 355 4827 481 2915 4838 3306 1400 404 3453 4607
3361 4901 2758 1023 2824 61 3110 797 1535
1173 3613 2592 3367 810 3247 4913 562 693 4409 4922 3515 3393 2374 2652 2145 4834 1763 4197 2664 4074 3952 243 3318
1479 97 2530 740 1702 4775 1577 2283 516 4015 4752 3157 2518 1444 218 350 816
1665 2883 2692 3782 4943 818 4372 3993 2927 4285
4994 869 1864 2988 2636 2926 3280 174 3991 3866 539 221
738 3 870 426 139 4268 1774 655 1296 2065 3069 955 1052 2429 1022
4386 2819 2985 877 3570 1906 1720 2267
1673 3330 498 878 2079
546 260 133 1833 938 523 1612 882 52 215 2554 315 1034 4575
128 259 4744 2057 143 24 3988 280 164 1191 4776 426 44 393 578 3786 210 341 399 2012 2409 1389 3439 2163 2039 888 2170 4732
2818 68 742 4326 871 1224 617 3415 3852 665 4081 3668 53 695 100 890 2972 2399
2465 227 133 903 72 4394 172 1330 1332 3702 1208 2681 730 4763 52
2144 1121 905 2962 564 920
896 262 392 4236 2969 922 800 424 172 4041 185 194 329 330 587 3661 2637 936 353 994 2276 614 2505 241 114 4726 2939
768 1159 3976 906 4876 147 278 924 2080 2225 989 776 1993 4025 570 2875 316 3005 2367 2976 455 969 592 1110 2909 1723 365 249 1916 382 1824
3459 388 2822 519 783 1041 664 1563 927 3369 1586 3260 1599 3650 712 458 4939 462 1231 720 84 1627 369 3451 254
640 4355 3975 3475 925 1055 928 4900 200 465 548 2010 222 865 2402 615 1514 1519 113 498 371 1914 255
2944 3585 3203 4490 1685 150 2082 1315 935 3769 2996 57 2502 2763 4942 3792 983 216 996 101 490 1272 1941
1666 3171 425 2668 945 3443 469 1910 504 3196
2915 1700 3654 2609 2889 1681 2514 4115 2691 2102 9 697 948 313
2144 1121 1529 278 2055 905 941 1582 1961 2962 2422 2295 953 4505 485
2433 259 2314 17 1042 4739 924 1063 424 2204 686 563 1589 1209 570 955 1470 1601 73 4574 1511 1899 2939
2465 706 963 389 2406 1507 2709 3961 957 4350 965
2441 1008 3204 2373 968 2601 1707 2733 2287 4880 1267 213 535 1257 732 2943
3104 97 2283 740 1734 297 2603 4876 971 4015 4752 692 3348 2518 2649 3672 2676 3034 924 1444
2950 1802 2956 3469 2192 4373 4384 4583 2216 3242 1323 1480 2610 1473 1221 3400 457 1869 2903 984 1882 222 1890 3429 487 1128 2539 4979 1782
134 326 1000 1900 1549 2350 2450 3508 2612 506 4380
1184 3938 2501 326 103 1003 2846 3888 1201 2590 2341 3545 2527 81 3966 197
4352 3344 131 1861 1384 2185 208 1940 4857 1017 1211 2013 37
2753 290 454 710 2951 1033 2156 626 3854 466 244 1742 1046 891 866 4062 1119
452 709 552 3049 2058 4972 1838 4111 56 210 4435 2612 1038 471 3832 3812 204 412 3012
768 519 1673 906 531 1650 1047 4889 2079 548 552 557 570 3006 191 461 1110 1112 219 3293 878 1960 498 3603 319 254
2048 3042 1538 2034 1049 1983
2753 290 2951 866 1742 1488 2610 211 3380 1080 891 540 1119
1092 2695 4424 169 3629 1786 3248 2232 573 3379 185 3862 471 3992 2969 4602 381 1438 1209
1569 4901 1094 2631 2507 3122 3095 3578 3898 1117 1534 1061
2560 4225 1126 2641 306 1715 180 344 4542 2047
516 3082 395 4492 146 3731 4125 1190 4775 4648 1577 58 11 1479 845 3409 1496 350 2530 3427 3047 361 615 1137 371 895
640 2402 165 1514 3947 3918 4272 1138 3475 22 152 255 925 1055
3424 4609 1826 419 2198 45 4048 1139 660 3061 1430 2617 4541 3710
579 452 4039 200 489 270 240 360 1140 61
774 44 143 24 413 164 262 4776 426 172 2717 569 428 194 4041 3786 1356 210 399 477 610 2409 3439 114 4983 1144
32 64 2590 197 103 4745 2501 1184 1201 3888 2993 2846 247 3545 1146 2527 2341 3454 3877
1152 896 1989 1798 353 424 2505 161 1601 112 241 948 1589 742 663 185 4736 1341 329
1187 42 3058 4656 337 1170 1556 1943 4057 1373 286
22 903 1172 2710 4890 667 156 285 2592 34 4644 165 175 3380 1080 2251 1488 210 475 477 610 1256 746 157 502 3839
2704 3172 2502 490 3472 2065 4754 2996 1941 1174 1367 57 155 996
641 994 614 3432 41 1294 2238 3570 2462 155 1182 821
4608 432 1186 1866 4546 1328 2129 915 789 534 1546
434 1211 1508 2395 1238
2966 4011 3150 4913 3604 3221 1846 3255 1085 1214
1216 1190 395 3409 3731 1365 1590 4055 1496 58 4125 1502
2784 322 1219 3080 1394 179 4919 1082 2781 127
1280 65 1222 1098 1163 115 1943
1235 4290 3 3748 2149 3398 520 43 1774 434 3699 78 3576 1397
1185 4066 3105 1768 2268 2402 144 145 2226 657 1916 1245 4831
1249 290 891 454 2951 2156 866 1742 466 2753 2587 4954 4062 1119
417 1091 3553 3363 2731 403 4781 1263 339 52 4310 841 376 751 733 605 1775
1012 1266 2732 1469
1314 228 2437 1610 4407 66 1486 13 1106 741 181 631 24 2490 4891 1175 1277 53
640 2402 326 1287 200 1514 354 270 925 2449 3475 2004 662 4279 255 252 61 1055
1122 1891 4644 966 1288 2680 459 1520 1777 723 4917 279 2488 835 2043 2110 3317
3906 900 263 3081 2828 4482 333 1293 1690 26 798
1636 1809 3347 1398 1306 1722
2176 2817 3589 4616 523 4749 3858 23 1307 3484 3101 295 4306 683 4232 1074 568 2242 4037 1097 2253 1614 2317 1106 1368 2524 4713 1959 492 3949 4084 2933 807 4841
1312 1954 4870 3015 394 2983 2018 2791 112 593 274 1553 271 4762 1083 3037 318
64 1318 4678 401 4296 3819 1708 1832 241 1630 152 1242 2140 2142
128 643 3077 4109 1060 3825 1198 1335 3135 835 4933 459 3413 4569 1122 1123 361 1643 1644 1520 1777 629 4217 2299
512 4099 3144 360 819 414 2424 1338 222
1187 934 70 455 776 1965 3734 1359 144 2225 722 2102 249 889 219 1916 719
987 1764 997 4712 493 14 17 1362 3379 1406 1302 1527 88 154 1979 3422
4512 1377 2082 387 5 211 1 2825 2379 4813 2958 385 370 51 3092 2678 3497 3547 491
523 4868 390 615 72 426 11 4492 845 77 3248 146 4984 1209 1786 1391 2695 3629 589 895
3136 1027 2597 454 3915 2156 466 1396 2411 862
3527 40 777 1620 310 1465 3160 1401 90 218
2436 517 3113 299 1973 2807 1112 2263 1403 4414
1536 2691 1412 9 1295 2320 1681 924 675 1192 299 4025 2102 569 4419 697 1232 3282 470 313 995 2898 2159 2514 1522 4863
2784 322 1414 3080 2890 2991 1394 179 3998 127
1281 3560 1422 400 599 3760
355 2887 1128 2247 559 1424 40 4184 90 637
128 176 2722 2984 4304 1687 856 1435
51 3812 1446 4807 552 2058 204 4761 4435 2612 727 56 3012 412 2078
676 102 1450 523 913 3638 1176 4516 2218 1759
1536 769 401 2969 1348 283 1954 2472 297 1459 185 2113 1092 460 2642 232 1004 4973 381 2929 3060 4602 1021
1472 65 4035 3204 535 1098 1707 1280 2287 4880 1267 1163 1943 2943
1542 1289 143 1040 3218 2067 24 546 2724 425 44 1714 312 1474 210 164 399 477 528 610 739 2409
4736 518 8 1676 111 1952 291 1447 424 2097 1589 1977 735 1341 1601 1475 198 2505 4940 3156 121 94 1247 1646 61 4104 3540 1274
2438 229 6 82 1491 2687 220 158 31
2051 315 1492 213
4000 1509 2609 296 2381 1872 1736 2517
3494 2349 461 16 1521 19 950 527 557 191
96 641 961 133 390 231 2473 618 850 3987 52 1525 1657 441
705 731 1541 300 238 4464 2548 473 1595
155 1221 807 4616 2249 138 683 434 1614 431 4818 1550 23 1880 1959 3995 2524 381 1855
961 771 295 235 686 879 368 24 75 1557 504 399 1276 4382
385 194 387 2825 2379 4034 4813 2082 51 3497 3547 1566
1040 546 1571 1542 583 425 2338 528 3218 2067 1714 739 4472 1289
1089 2340 630 3303 1576 3863 782 3343 336 211 1334 439 152 187 317 4862 637
898 3978 2799 3868 2727 1451 2802 4271 1219 3014 4065 1609 1753 3802 606 1633 327 3814 233 39 4462 3823 1136 4209 4978 4852 3579
3904 450 1124 502 4102 4743 72 1353 1611 2710 869 566 2138 572 157 410 1023
993 3044 2925 526 1424 1617 692 215 568 4217 570 592
1831 3403 237 3085 3506 2259 1682 1619 1246
1634 291 293 1447 1646 1360 2289 3540 1462 2740 1274 4924 2810
225 4322 3844 1637 1542 167 1672 427 1933 654 4849 1070 1301 4312 2362 2780 541 990 223
1667 2981 2920 558 594 2615
2763 1669 233 4715 1315 1685 150 983 216 3769 122 59 2815
57 3203 996 2502 490 2477 4912 1683 2996 1941 2327 3865 255
2304 642 3075 1066 81 1684 4314 1116 4159
1697 1605 4225 554 4110 559 145 3246 2330 4730
993 4772 2823 2348 1418 619 3052 2418 1735 1167 2384 1746 947 4174 4786 1466 2395 1308 1429
368 674 585 1621 2921 366 1967 48 4382 105 1365 535 4884 2991 1744 253 1854 1493
928 865 4355 1691 3975 296 138 1262 3921 4675 2581 4248 1914 1787 2010
259 772 9 2314 1681 2691 1302 1063 4661 2102 697 3018 4557 3538 313 4582 4842 2514 1008 1138 2163 2898 1789 1918
2368 129 4386 1220 3877 1040 4353 3199 716 2318 2224 3097 2809 737 2565 1053 318 1791
4737 3 3812 1030 774 551 552 170 75 204 2510 112 4435 2612 56 1223 1978 412 2058 1808 671
257 2276 2667 655 1813 2392 123 1052 3069 2910
3749 46 689 758 1815 2936 2363 892
4034 1834 3020 1773 1821 2608 1493 697 253
144 1570 3491 455 776 4908 1835 3948 1965 2479 48 2225 1187 1045 1441 3032 249 87 2557 3932 1916
3394 1851 1797 1800 4237 1135 1874 2746 2427 4733 2014 3693
352 2020 2244 1831 3210 2891 12 2541 3054 207 4720 147 106 1113 89 2937 1241 4476 1853
1858 1318 241 4296 1708 2478 401 82 87 410 2142 1023
2432 1342 3170 1859 1925 679 1429 1054 1005 4418 1167 3299 4948 62 2522 1907 574 2431
1868 3724 2381 2126 3730 2419 2518 2552 1756
1122 835 678 1947 1520 1777 2803 1879 1883
1281 3560 1001 1904 400 3510 599 541
2529 963 100 2981 2406 712 1548 1357 558 957 784 594 2804 853 3511 59 1917
161 517 682 3018 109 273 3538 948 439 1789 1918
1920 1028 165 426 4741 3732 22 3572 2458 156 4415
2672 2160 4930 2629 1958 697 1773 46 1821 2864 2608 2873 475 253
772 4069 1968 342 156 1950 191
2721 1608 1756 1898 4843 2348 2418 655 496 1970 596 1429 407 1108 1167 1340 702
4928 770 2020 2821 1708 2861 2641 306 1715 180 4629 1974 344 2047 2783
2116 4392 236 1482 1516 1934 1327 496 1102 1975 923 3133 4927
4195 2693 2858 2894 2834 1112 1981 4158
194 1990 262 1101 114 1625
2294 2114 1091 3396 549 632 780 1198 1776 2673 2674 1205 438 536 2005 2619 2814 405
352 4417 4000 2244 742 1831 1932 2541 4720 1113 89 2937 2015
2016 38 2407 4748 4650 2503 1932 2415 3667 3701 3414 410 125 1580
1122 835 2025 2282 1520 1777 1651 510 279 537 93 4190
2731 403 21 1951 4899 555 543 1091 225 841 332 589 3363 4310 733 3807 4320 3553 2410 1645 1775 2032 117 4089
4855 2220 1139 2036 1271 1784 3194 3549 1918
705 2050 1595 300 140 238 2548 473 3225 731
129 2053 1773 46 1821 1744 2608 697 4442 253
4320 3393 4197 841 2410 2059 1645 1775 562 3318 4409 4089 3807 2652 1951
384 3937 838 2273 1770 3143 685 1166 2064 1810 115 1301 4758 921 282 1435 149 4605 1850 3935
705 194 3003 114 262 2695 73 331 300 4354 238 3629 3248 50 2548 1209 473 1786 1595 2068 731
836 118 431 2808 3154 2005 2070 3799 4888 3257 3419 2175
288 2081 4906 1164 2288 2257 1456 2166 1114 3178 1982
1120 96 961 2085 231 2473 618 850 1657 641 441 2844
1730 904 2089 497 2334 831
3681 2595 1030 2791 2572 170 1223 1036 1005 4494 3119 2579 2099 2510 3827 4537 1978 574 4797 3486 671
610 1066 44 77 1037 3697 210 532 246 2109
4480 3649 3 4742 2952 3595 89 1874 2127 4113 242 511 86 4535 4121 539 477 542 319
322 3399 4403 2131 2125 4659 436 2712 1503
737 2530 516 2917 1479 4775 4300 4386 910 3378 2133 3877 3097 1791
2498 2151 779 1679 4336 3185 1365 1663
3154 3631 4018 3385 2167 1977 2266 2269 1884 2234
2544 2403 1510 2184 841 2634 1775 3280 4017 733 3518
2628 3781 774 1451 2190 3064 1316 29 1598
1360 4930 359 4964 293 4871 2535 2797 1136 2289 2195 2740 1462 1753 327 39 2810 349 606
2753 866 4711 1119 2951 290 1742 891 1922 2207
2208 2562 2147 4708 2086 47 2736 594 1635 1432 1828 2618 3035 122 3108
2156 1418 2061 2587 1308 286 2210 42 2987 4781 4786 947 4062 3767 1466 2492 454 993 72 2978 4174 2384 466 4954 2395 2398 1249 230 3052 1746 2808
770 3332 1546 1070 1186 2222 1455 2129 674 526 3479 568 1866
3415 1221 1224 457 1547 685 2223 629 567 152 1275 222
2176 131 3972 2185 13 17 1940 32 37 50 4148 181 182 2236 4149 53 835 580 2013 1122 4071 1384 1520 1777
2144 1121 3908 673 905 847 688 2962 564 32 120 953 156 4892 605 126 2239
2114 1091 780 1198 2255 1776 2294 2619 2814
259 2845 2279 744 2314 3627 2221 4655 1352 150 1063 2843 1467 1899
898 389 3474 4891 2465 2490 2748 706 965 1486 1507 3673 1633 4579 228 741 2791 2285 4596 631 3835 3709 2558
2177 683 3463 2524 523 4749 2286 807 1959 3575 23 700 1596
547 1202 2258 1870 4818 334 1819 2301 1077
4961 3779 2310 2344 3931 4043 4428 2669 79 3600 1106 2235 1175 1007
128 961 315 164 2086 4776 2409 426 44 786 143 1112 210 3439 399 24 4953 2319 3786 1215
771 2500 2344 713 15 4080 181 2646 1961 2756 4591 2459 3445
294 2537 2314 2347 1804 1327 531 4756 1945 447
227 164 1708 3786 172 1330 143 210 2355 1332 3702 2409 1208 2681 730 3439 44
2628 325 774 1451 2190 3763 1236 2382 1316 4539 29 1598
3139 3460 3274 973 1840 2386 979 1716 949 793
1408 1665 4420 1942 4134 1863 3273 2388 3766 2300
1154 3046 3111 968 425 1162 2343 1006 4413 4808 84 661 2390 4721 1468 2909
38 2407 4650 2503 1580 3701 2396 125
2625 3621 2413 1806 509 792 2777 4059 3773
4802 996 709 2502 807 1559 617 490 683 1388 4749 1614 2996 1959 2423 23 57 2524 1941
2816 1889 2440 4207 2520 4466 1464 1007 2300
579 1960 4105 2443 3117 1650 531 4404 1112 3006
2530 4676 2917 4775 1577 1479 2573 526 3378 2451 1129 516 4637 350
1129 427 588 2453 1446
2468 1165 749 2900 1660 893
3202 613 1126 844 332 813 2480 177 3027 2429
1505 1723 294 2504 969 978 2734 4274 4436 1993 4473 411 989 2367
1314 2437 971 66 399 3153 1106 2516 24 282
2242 683 422 807 361 523 876 1614 1959 1113 4553 23 985 4826 2523 2524 986 1070
2551 3631 2269 2167 1977 2234 1884 3385
4000 4931 1509 296 2891 12 3277 1872 2609 2517 4342 1241 2555 1736 2805
3448 5 1585 1459 847 4561 4531 564 3957 888 4568 4187 605 126 2559
2561 3651 229 2438 2254 483 1491 1076 1336 1500 797 1374 2687
4875 2564 1526 198 8 700 2219 1676 270 431 2097 3156 2934 420 200 61 1247
1793 2578 2766 880 2417 1426 1309
514 260 3817 546 244 821 1046 1033 2588 85 2069
481 2594 134 2664 42 2210 1903 689 1849 506 286
1008 4098 931 4996 1051 3516 3946 2125 1230 2767 1648 1752 114 2486 690 440 2607 4092 2173
1416 3115 1518 3368 1710 2614 1656 2107 1596 287
1155 2983 394 203 1648 1553 2261 4762 1083 2620 2215 4094 1621
2178 2627 267 3028 1497 316 31
2640 721 1107 310 218 2396 3549
1676 4491 709 2086 233 4523 3724 4238 2895 4944 4009 243 2420 2647 3483 460 1451
2049 194 4166 262 2663 140 2050 1506 114 1625 24 3225 3899 3230
22 2697 522 278 156 3613 2592 165 3367 810 688 4277 1033 1046 138 610 477 4834 1763 2664 3952 120
4130 196 166 2698 1491 342 2519 772 1950 191
2781 907 4325 3910 4423 4540 2537 3818 2699 812 759 2065 2194 2708 1911 1048 2361 859 3288 4445
483 2254 1076 2702 1500 1374
2465 706 1507 389 3367 578 174 280 965 2719 1189
771 325 295 75 879 48 1236 245 504 1721 1291 4604 2749
1433 484 4469 632 1493 272 2705 345 1205 4662 215 536 2169 2005 1727 92 2751 478 2709
3676 2180 2757 1032 4905 2092 781 3283 2676 1171 4022 2428 508 2718
1252 4360 2765 1039 305 872 1115
4833 2338 228 741 1610 43 4429 1486 2771 631 2490 219
2249 138 1550 431 2772 1855
675 2792 9 2898 2159 2896 1681 2514 2691 697 313
2336 1956 3685 4070 4585 2794 1901 2357 2377
3264 227 133 903 2441 4394 1330 172 2733 2800 1106 1332 626 3702 1208 2681 122 730 52
640 4 4615 3475 925 1055 2469 4781 3264 452 200 603 2402 1126 487 1514 615 622 371 122 2812 255
2178 1219 2820 1541 3014 1609 727 1666 4462 2799 4978 4180 183 2802 3802 233
546 163 260 1861 460 2827 1004 208 2481 1017 2938 1211 3996
2848 257 162 1403 932 1639 3978 3096 1395 1301 2454 2263 952 761 2651 3068
2850 3749 689 758 2936 892
2851 1548 1357 784 2804 853 59
2853 38 2407 1580 3701 125
1537 1762 2857 1390 4722 21 885 600 3711 1887
1218 1419 2860 591 188 446
515 262 265 1036 578 2449 786 2579 25 4256 2595 423 1351 2866 74 574 4935 194 3911 3914 4697 3681 874 1005 114 3827 3704
3812 709 552 204 2058 4972 1038 1192 4435 2612 1838 56 2868 412 3012 4051
264 24 4002 293 2740 2869 1462 184 191 3392 3656 719 1360 4945 4434 3159 219 1628 3039 2289 1790 2810 2428 1278
1760 2881 1083 2150 2983 795 4970 173 1553 147 468 661 1814 3928 315 27 3485 394
484 139 2704 3892 2902 3607 1434 220 2493
3714 2916 615 1610 802 2959 3696 2897 371 2820 4252
458 2018 36 70 593 2888 1674 4509 208 145 2386 3037 2922
3744 1001 2924 1993 969 1723 989 2367
836 4327 4200 2313 14 560 2931 4628 245 2262 1785 410
2114 1924 3430 4871 2797 2990 349 3374 2935 2271 3997 351
1632 2945 2084 3109 7 106 4903 3149 18 2549 1526 792 2332
3427 3942 2726 1193 395 4754 2947 1174 1367 472 3164 4253 767
2948 1260 875 1196 1139 4790 2172 1407
865 4355 3975 811 687 1008 2961 465 2563 659 277 694 1914 2010
1632 2785 2084 3109 7 4809 521 1388 3149 1233 18 2549 1559 2106 379 2332 2970
1607 2536 3465 3850 2031 2992 1489 1848 2378
579 1864 969 989 1137 3090 2995 1993 4218 1723 221 414 2367
416 1602 229 2438 220 82 1491 3000 31 4412 158 2687
2722 3 3016 1774 176 1687 856 4028
1520 1122 835 1253 4647 903 1488 1777 3380 3029 1080 1172 3839
3491 455 2664 4522 1903 776 147 249 1849 1916 3038
3972 2695 2696 2189 4077 3601 4770 3629 3248 945 53 182 1209 2656 835 580 967 1998 2644 3040 1122 4071 1133 1520 1777 1910 1786
1632 2084 3109 7 3051 3149 18 2549 2332 4190
2688 1473 1890 1323 453 3078 1128 1802 139 2216 2903 4979 2711 984 121 3242 2539
544 2211 4022 3283 3304 2428 1132 781 2531 946 3091 2676 1654 151 504 2745 911 2703 2718
2691 584 972 4396 1681 2514 2004 662 9 697 3099 252 313
1520 1122 771 2406 4263 1961 1643 4080 1777 835 1812 3445 957 963 3103
609 827 1156 2721 105 3114 331 2348 2418 782 1167 50 3252 1429 187 862
3120 66 228 2437 1314 2766 880 1106 741 53 631 24 1486 4891 2490 181
80 738 1641 2957 4240 3537 2515 951 377 3130 4894
1984 161 1156 2724 682 353 3114 1355 556 2798 381 3761 339 3573 790 4824 89 3163 253 2974 2175
97 740 3176 2283 4015 1444
3073 4611 2401 1704 1449 139 879 3184 1458 615 217
997 811 493 3186 3379 1527 698 1979
390 1564 4903 2473 2282 961 70 4939 2380 4429 208 850 2007 219 96 1657 618 106 3190 2424 889 1405 3711
1251 3146 843 2444 3023 3057 2742 3191 1624 1111 3517
2691 3972 3205 4615 9 2189 2323 1940 2326 1944 37 299 182 313 835 580 2514 697 2013 1122 131 4071 1384 1133 367 1520 1777
3554 3238 2312 2094 3214 4783 1269 4664 4956 565
4678 263 297 3596 110 658 3795 3220 2615 2356 828 447
577 3941 107 303 3985 1268 3222 2044
2695 659 277 3224 1947 4124 3248 678 3629 174 304 563 1209 835 4292 3016 73 3923 1879 1122 1520 1777 2803 1786
326 1900 1549 2350 2450 3508 2612 3228 2654
2178 1541 1666 4887 2461 3868 3229 2727 2802 4271 183 4152 2622 1219 3014 633 1609 715 851 214 727 3802 898 1633 3428 3814 233 4717 4462 2799 4209 4978 1013 376 1273 3579
129 3234 2053 647 72 874 2830 2484 2838 2393 4056 596 4026 4763 413
544 2113 1954 1348 3237 2472 4477 2929 3060 1021
391 273 3091 2070 536 156 3243 431 4147 692 55 2499 3396 3141 4811 2808 2005 3799 3419 4829 2674 118 632 1658 2175 3071
547 1819 1870 2258 334 3259 1077
2721 4772 619 2348 1167 2418 755 1429 3261 309
1718 837 710 652 2122 4428 1901 174 653 3120 3281 1330 2678 4137 3417 3314 364
4674 2211 164 764 232 2409 44 610 210 143 50 4243 244 3285 278 380 477 2685
864 4801 2627 967 2696 9 299 2898 1998 2514 1681 2322 2691 2644 2102 663 697 2556 313 3287
480 545 4264 4458 1232 1299 2463 3129 3290 2335 2111
1668 4652 3086 429 22 156 32 673 165 44 301 4014 815 688 2491 2592 3652 587 210 3927 800 610 3300 1648 370 883 120 637 3583
1281 3297 3560 3310 4303 400 599
2370 4357 775 1737 2506 1554 110 1647 1264 4178 3315 4533 3126 755 2815 2949
2146 987 1764 4712 1931 2188 14 1295 976 88 594 3422 1302 729 3320 2233 154 3515 1181 3870
2656 4674 2211 232 2588 1122 3727 1520 1777 210 4243 244 3285 50 279 4461 835 764 3325 2685
1796 521 1546 1931 3341 401 154 3870 1186 423 1832 2233 4546 976 2129 594 729 1242 2140 1630 486 1766
3650 2822 1511 712 1099 972 1231 784 3345 4999 1205 632 1720 3451 3260 369 1022 536
3554 2691 1063 2312 9 565 2094 4783 2514 259 1269 697 4664 313 3355 4661
895 516 901 1479 4775 11 845 3376 146 885 763 350 95
2433 259 17 1434 924 2139 422 1063 1333 570 3381 332 3787 588 592 209 722 219 488 1899 366 3955 4731
4427 1829 1895 4873 2666 3211 3692 3789 4231 4692 3478 2359 1095 3388 4634
357 4421 4681 4874 914 726 1145 3195 650 1726 3397
4994 2440 2225 395 776 656 147 279 284 29 177 169 1965 47 1969 3401 440 185 2618 443 573 835 455 329 3811 1122 1635 2916 1520 241 4598 249 1777 1916
2369 4772 2721 2348 619 3404 1167 1008 2418 1429 187 309
481 579 5 134 1991 232 42 812 590 285 3957 1911 506 3420 4445 286 309
4514 1352 4779 2641 306 2963 180 1715 3670 2839 344 2867 2047 3423
2467 3812 1030 552 170 4715 204 2510 888 2058 4435 2612 150 56 216 3012 1978 59 412 3434 671
2340 3303 3437 336 1334 3863 317
899 1285 1286 3440 3316 505 3449 442 794
571 763 1892 325 1830 999 522 525 1264 1236 245 472 1604 3450 4539 3130 1631
1378 1090 712 1196 875 1260 4642 784 2172 1139 245 4790 478 3020 3452 3612 1407
997 493 3473 3379 1527 1979 4348
3489 4066 1185 1768 4321 2402 4846 112 657 2226 1492
3492 584 4396 972 2004 662 3099 252
4864 1120 2051 3493 441 231 2705 1493 2169 478 1433 345
2019 3173 806 1543 328 4521 3498 1511 4592 3683 1130
4155 2598 3644 3499 49 3730 2773 311 1880 251 4987
1520 1122 771 4812 1643 3500 1198 4080 1777 835 3445 1961 459 757
2050 4931 68 1318 6 4296 1708 458 2651 140 162 3598 3501 240 241 1395 1301 185 2447 3068 2142
4997 4879 2325 4143 1825 294 3879 939 3887 3504 1074 2362 4928 580 1606 77 78 2003 1366 2412 4461 2933 246 1913
48 408 2308 4965 433 3400 938 206 1487 3024 3505 83 2008 1902 824 656 970 1349
1120 385 1445 441 961 744 2473 618 231 96 850 686 3414 951 888 3513 1657 1148 641
2883 2692 2927 818 4372 3993 3514 4285
3392 194 293 264 425 1628 3656 4002 1360 2289 4434 2740 1278 1462 3159 2810 4924 30 3519
1441 1570 1187 3301 144 4908 2479 48 4018 1045 87 3032 1916 3525
385 2658 4707 1380 2054 2279 744 3145 2843 3533 2221 848 1352 1458 4915 560 1785 1467 1948 3197
3907 209 1352 2314 3627 744 2829 2865 259 3541 2221 1063 3208 2843 395 1467 2398 2279
3104 1734 2603 1623 3544 2649 3034
816 2530 196 3557 166 4775 4648 361 4810 1479 3376 1137 350 3047 516 1577 2519 3082 2238 95
2305 1159 3561 3372 346 382
1024 1 611 1957 230 1927 296 362 199 652 4550 3566 783 1521 3890 4660 2197 823 91 636 4029
228 741 1486 3568 631 2490
3584 2091 2155 1712 1387 510
3587 3812 552 204 4435 2612 56 412 2078
3588 1221 4393 842 4204 3187 3066
1960 3592 1650 531 1112 3006
2082 387 2825 3594 2379 3547 862
294 3151 3602 1973 4471 2040 2201 2203 153 725
104 4716 1197 1615 2228 3605 1498 2650
576 353 1513 4856 1780 1237 2583 2456 3610 218
1030 1036 272 2579 3606 919 671 3616 2595 170 2220 1978 574 1727 4932 1223 2572 2510 2006 3681 1371 861 2145 3180 1005 2287 3827 4469 2045
992 2144 1218 292 2630 3879 1544 4778 1419 3628 591 3134 534 4665 4527 188 1309 446
2722 3846 4777 674 176 3634 1687 856
64 67 4133 200 106 270 1073 3635 2004 662 252 61 1854 2655
546 2532 1606 2214 615 1128 1833 682 523 4173 559 40 2997 438 381 1284 2554 315 260 4442 3637
3201 899 1412 4234 140 3476 22 4015 156 2592 1444 165 4009 943 4277 566 3639 185 778 4927 1088 3138 2632 329 1103 2769 604 97 740 4837 1382 2283 236 241 1180 1524 1911
68 2055 1961 4426 941 1582 2422 3640 1529
1475 485 198 8 1676 2097 278 4505 1247 3645 735
1600 294 3655 110 3151 1973 4471 2040 153 2203
901 583 392 169 1322 588 3662 4595 2232 3801 2716 573 95
411 586 1143 3663 1783 2137 1147
1568 3872 2439 393 4394 839 1582 79 1151 954 4027 1642 3679
70 807 683 1614 4468 1959 23 889 3687 2524
1030 2438 1223 170 2510 4253 2064 3703 4537 1978 1435 316 1437 3486 671
507 1733 3567 16 4721 319 1848 2607 3707 1980 3357 3102 2815
2041 3720 298 4494 2161 4083 20 2965 2806 2231 601 1215
772 4108 3725 688 342 156 1950 191
128 1675 1555 532 3736 3611 4895 4896 929 1321 3374 58 4283 1353 725 87 603 1248 2795 498 2164 118 85
967 2696 2637 1998 2644 3740
1633 1666 1219 1541 3014 1639 1609 727 898 4462 2799 1170 19 1341 4978 183 3802 233 3741
1088 3201 1382 604 778 1180 1757 3742
1250 2246 3754 1282 2489 733
4610 1219 2725 4328 4684 3659 908 110 1041 1394 179 4821 4919 3755 3677 127
116 2921 2476 1326 879 496 4820 1878 4567 825 283 1372 2813 3774 1439
3776 1632 2148 3109 3718 7 4109 4813 3149 4845 18 51 782 87 2084 2332 2549
2437 15 24 2500 2459 2338 4891 53 2490 181 66 2756 713 1314 1486 1106 3796 2646 228 741 4591 1009 631
1185 4066 1315 996 2502 657 1768 490 354 744 2226 4851 2996 2402 567 3800 57 1941
769 1794 2691 648 9 3856 1681 1062 2088 1966 2102 697 313 2117 2898 2135 488 2526 3558 3816 2514 2673 2683 4988
2691 773 3654 9 1578 2411 2514 2794 1681 2898 1843 1396 2102 697 3826 1402 4988 313 299
1158 270 67 662 1052 1196 61 4803 326 200 2377 2004 729 354 252 1260 1779 3829 2172 2429 3966 1407
2 1284 405 1739 366 4882 3470 1241 3226 4667 3837 1749
3009 418 3843 2053 3979 4530 751 2162 4791 2781 2589 4543
96 961 231 3849 618 295 850 4277 2473 1657 410
3875 296 314 138 4716 1197 1262 1615 104 4675 2228 889 2650 1691 1498 2014
1764 4712 14 1295 1302 88 3897 154 987 1181 3422
1756 2181 2348 2419 1868 430 1167 2418 3507 1429 47 3900
4098 690 1648 1752 114 440 4092 3934
4962 1701 4287 2119 1548 778 76 4589 1357 784 1843 2804 3958 247 3737 59 4988 1322 2206 863
160 3973 2349 461 1621 950 1915 3165 4685
1606 1926 2375 3977 4970 2669 751 2121 1814 468 2582 1481 248 986 795
4256 1520 1122 835 517 1351 74 3911 93 3984 1777 786 1651 4596 537 25 26 874
3776 4576 4738 1831 200 129 2700 110 248 1555 404 270 1400 443 61 3989
3013 1544 2569 1745 4008 2262 3641 3708
2582 1926 135 1928 1814 795 3485 2082 4132 550 4012 173 832 2881 2375 2633 3928 4698 2787 2150 4970 1653 1142 508 254
385 2179 4036 1769 3690 1676 4814 368 2387 3253 2391 156 541
2401 3073 615 1704 80 4040 1394 179 4533 3080 217 127
3873 1250 2246 1282 4047 2489
2539 1128 1802 1323 2216 4053 2903
4576 129 2337 234 558 273 1203 1086 4538 1627 1212 1949 2942 4063
4064 385 4707 2279 1352 394 2983 2221 744 1553 1083 2843 1467 3197
259 1063 2314 1899 17 1138 4067
2304 642 1066 4944 81 1204 4314 1116 4090 4159
2756 4101 713 15 2646 2500 2459
1537 1762 4131 1390 4722 600 3711
800 294 936 587 4140 3887 370 4408
2114 1091 4872 1643 780 1198 1776 2294 459 2619 4157 2814
3553 1091 982 4161 3363 2731 403 4310 733
610 771 4164 295 75 44 879 210 980 504 474 477
2145 2914 1627 3044 3305 4202 3019 4334 4242 2452 3705 3515
1670 2345 3790 4208 148 343 2714 3231
2114 3395 804 1479 1655 1389 3664 3011 4213 4279 3704 3644 3563
4224 1380 2054 743 3145 4426 1458 2679 94
1155 4228 2215 203 2261 4094 1621
3875 3172 1253 4230 3817 2602 1518 1967 4082 2078 244 821 260 730 4892 202 2588 671
1089 582 3728 561 691 630 3383 3960 2841 3356 4249
4262 2502 490 2996 1941 57
4538 1822 1019 1992 700 4266 4766 2801 1726 21 1754 1627 1212 1949 1086 2303
4999 393 3988 536 285 34 434 4723 1205 4662 1720 1211 972 4301 341 347 349 361 1389 2163 2039 632 2170
4455 1668 2694 647 1692 491 1309 4305 1822 1495 1433 4986 3100 1469 766 4977
416 2721 1602 35 458 2348 1261 1167 2418 1363 4308 1429 2807 4536 282 1756 4989 351
4240 738 421 1641 1200 2957 2237 80 3537 2515 1392 951 377 553 4317 4894 1471
641 257 1048 2454 3096 1822 932 952 441 3647 961 96 79 978 1657 4576 1505 4839 618 231 4332 850 1007 761
675 1992 9 2898 2159 1681 2514 2691 4341 2102 697 4025 1019 313 1726
4320 2403 1510 4359 2184 841 2634 2059 2636 1645 1775 3280 4017 4916 4089 4154 3807 2410 1951
1344 432 2467 1064 1355 4364 4690 1328 530 915 3348 789 534 633 1273 3988 1564
4538 34 507 1203 3965 4365 3566 2173 2290 1971 1332 2942 378 1627 1212 1949 1086 2911
2155 4389 2091 1712 1387 510
2189 656 3227 284 4765 2080 4390 560 2229 2105 573 949 3524 4947 2007 1881 2153 363 3571 500 2425 1531 639
385 3971 2181 1034 1739 1612 47 4400 3507 2235 3307 2136 4923 860 133
3553 1091 4310 3363 4459 403 4406 2731 733
481 4806 1884 4425 1328 1937 432 340 789 534 4055 3742 915 1918
3777 802 3876 838 1001 4439 2770 815 4016 3793 1810 115 2967 309 4758 3735 2835 260 1850 4508 2398
2006 3180 2045 981 3606 919 4441 1371 861
3728 21 3863 2841 3356 1825 2340 561 691 1334 3383 317 1089 582 439 336 3293 4446 1887 3303 1139 630 3960 4862
1730 101 774 904 1356 234 278 428 178 1327 497 4562 4243 1812 4470 1257 3930 764 3389 2334 831
4064 2626 4694 4486 619 397 4338 2739 1014 634
5 134 4488 2583 2456 161 812 576 353 333 2897 1237 217 218 4445 225 232 1513 1780 1911 4856 506 2685
3085 76 909 237 1297 4914 2259 1246 1682 1842 4510
2465 706 1507 4517 1512 2285 3474 4596 3673 965 3835 2748 3709 2558 389
2081 3368 3115 4526 1416 1710 40 1518 2107 287
2817 3589 4232 4713 4549 492 2317 3949 4306 4084 1097 4841 1368 3858 4943 3484 2253 4037
224 2641 1389 3535 4784 4593 306 1715 180 341 2039 344 4216 2170 1790 2047
2433 3138 4744 2123 366 943 2769 1042 147 3476 566 4599 888 1524 570 959
3073 1881 615 4040 2153 14 2973 656 1704 4947 169 545 398 560 2105 217 3227 284 573 4638
2625 483 3621 4651 1806 3773 3043 1076 792 2777 4059 1500 509 1374
131 37 1384 2185 1940 4663 2013
195 295 124 855 4782 4911 4916 2574 119 4668 2333 4702
865 4355 1030 3975 1738 4679 1914 2510 2581 3486 170 4248 1978 2010 1223 671
411 586 1143 1783 4728 2137 1147
4992 2976 2952 3595 4113 1874 4787 86 4535 542 511
96 1505 961 4740 978 4839 969 618 4274 850 1993 1723 4796 989 2367
790 2724 682 556 3761 253 4799 1984 4545 1355 2127 339 3796 4824 89 3163 2798 381 4083 3573 298 2175
4866 1603 4068 3462 1640 809 3884 2035 3805 830
416 3009 258 2053 1261 4989 3979 418 4957 4530 1363 1602 2807 2781 2649 751 1756 2589 2162 4543
2536 3465 2378 1489 4169 1848 3962 2971 3850
2847 4144 4261 1385 106 972 717 4367 464 3192 666 4443 1738 63
3554 3943 2312 2094 4783 565 4664 2074 4463 1269
4706 1886 5000 3721 1067 4802 1875 2421 1865 3322 2076 4222
3009 418 4547 2162 2185 3979 3314 751 4530 3510 2781 2589 4543
192 2754 2275 6 4519 3436 3373 4623 4402 3739 159
4779 676 102 2218 523 3638 1176 4153 1759
3905 1954 2441 2733 4142 3490 4627 4654 2121 2173
1057 1442 451 1860 2508 2893 269 3609 3358
993 3365 2918 1308 1418 3371 3052 1746 4174 2384 4786 947 1466 4540 4698
1664 33 483 519 2056 457 3239 4753 2354 264 3550 1993 1976 1278
96 961 4003 4820 2921 618 4567 1549 1326 850 116 4085 1878 825 3033 283 1372 2813 1439
3586 4835 4612 137 4108 1999 3920 4532 2364 1239 1594 1244 4221 1996 3615
1378 3853 588 875 3020 1090 2671 3025 4642 245 502 4695 3855 3612 478
3809 4869 1254 1161 747 3313 3828 3031 2202 3004
4610 2725 908 3659 4684 110 1041 4821 3482 3677 3262 4479
1029 518 4744 4107 4719 111 4912 4465 4275 2900 1717 2779 2357 549
993 2823 3371 3052 1746 4174 2384 4786 947 4377 4954 1308 1466
3840 4295 1545 4524 1807 689 595 1876 4990 4313 669 2494
1953 827 4199 2281 4619 1127 1423 3377 2009 2682 4955 2908 4414
4356 4958 849 1905 3284 4693 1465 4260 4100 3076 2879
676 102 2218 3442 3638 1176 4188 1759
133 135 403 411 1951 3363 682 2731 52 4151 1091 841 339 4310 733 3807 4320 3553 2410 1645 4974 1775 2930 4089 381
4387 1132 911 3729 2531 151 2745 2703
1504 707 2760 4779 3821 2575 177 178 4247 2776 2831 3384 2941 312
1440 3847 1319 3309 3565 4368 2482 2675 4883 121 1020 189
673 219 2789 1991 3340 2126 1040 1523 4410 688 2397 2623
705 226 3689 1995 3213 910 3026 916 4024 378 2939 2876 4474 2978
3712 1153 801 235 2060 1358 2863 3022 4534 4122 1276
1986 1699 4804 1094 2507 4076 386 1711 560 1652 756 1046 280 244 500
1823 3649 2949 1199 2201 4175 988 2653 383
512 960 2180 19 17 3144 3466 2092 360 1171 2718 1032 2424 819 4603 414 3861
3317 1122 835 966 1777 4392 2043 1520 465 2707 4739 4917 723 2488 1891 2110 4373
482 2563 900 1477 263 3081 2828 4482 333 752 4630 1690 4220 26 798
1536 2320 67 4419 2884 1222 1063 1192 3282 1678 1295 1232 1522 259 14 1590 2072 569 2523 1501 4863
2465 706 1507 965 589 3087 389
4227 1803 3695 592 2291 345 3775 1483 1311
897 262 450 2446 528 1188 2566 2599 173 1461 3008 194 1605 4682 79 1616 338 2775 2752 2981 594 114 1401 2046 1279
3777 803 4166 647 2280 1674 811 3181 48 1523 1204 3339 225 1406
2691 9 778 1681 4483 2206 1701 1322 299 1453 2102 697 3654 2376 462 2514 974 4438 313 602 2411 2898 1396 1402 4988 1578
1728 130 4995 3716 3335 777 1930 783 2904 279 1432 1561 4721 306 1715 180 2624 835 714 2641 344 4959 609 1122 4708 4497 1131 2028 1520 1777 4853 1788 2047
3969 98 4995 1930 1131 2028 130 2509 752 1490 3923 4853 2904 1788 714 4959
1985 1378 1219 933 70 1483 3245 2775 1552 450 338 179 2389 1394 4503 127 4919 155 3836 2046 2901
1696 4261 1574 2601 1772 2481 3348 1526 4023 728
576 1639 1513 1780 1237 2583 2456 218 3292
608 1323 3653 40 1802 2539 559 1128 1027 1750 2903 1304 1843 90 2216 3242
2022 4006 3177 3726 4145 1043 1300 3733 2553 2292 3263
1451 233 4491 460 1421 4238 2895 1713 243 2420 1241 3053 2139 3483 4523
2024 4233 2352 1747 4724 2366 1270 1561 1140 2298 3806
289 2371 3717 3175 3240 3820 3521 1075 2645 3350 3871
2179 2372 1769 1676 368 2387 3253 2391 3614
129 4870 614 1129 3275 3788 1517 1518 2545 2870 4311 2906 2367 3327
931 2250 3083 1044 917 2616 1177 3455
2432 1342 4418 3299 1925 2759 679 3502 4402 1907 62 2522 1054 2431
2145 2786 1771 942 2774 4935 1355 3794 2126 1007 3442 4078 3094 2264 3804
4676 2854 934 2573 3342 2225 275 1721 2968 1508 3770 2811
4160 4297 476 2862 1265 2196 597 3529 28 3125
3969 987 868 3813 545 584 2141 3535 854 3867 2134 2877
4448 486 3079 3112 1852 4330 4203 3597 829 4946 2686 2328 1817 826 1050 445 2974
1122 835 3972 4071 3116 2189 1133 1520 1777 3956 182 2936 580
3425 4771 1540 3206 3329 1068 1454 2095 4881 4850 4950 3447
3555 4645 4615 3433 3244 4205 213 3913 1560 4250 1822 4511
1794 2117 1062 1767 3496 648 3574 2526
1249 2251 133 454 1256 746 3531 2156 175 3824 466 4633 4954 667
4960 1795 3912 1035 1452 3181 3919 3569 2578 2100 4215 4116
1483 1796 1803 3695 2291 3608 345 3775 1311
931 3620 3946 1230 1554 3925 2007 1051 3516
2657 4165 2662 3179 3308 274 2455 4091 3647
3503 4746 1133 4910 4335 4848 4244 3886 430 3764 283 1565 1258
1857 3618 4515 4005 3750 743 1289 2186 524 4045 185 4828 2826 4860 95
2726 3942 4135 1193 4079 1078 3164 4253 767
4096 3939 3684 4613 2729 4618 4581 3148 3406 2543 1072 4854 4183 2168 799
1536 4193 3286 551 3848 4241 4498 3830 1656
130 4291 1930 1131 2028 4853 2904 4459 1788 714 4959
2342 4998 3055 4432 4751 1428 4309 3127 250 207 4572 687 2661
1832 2140 4621 4975 401 1202 4632 1242 220 1630
225 4322 427 3844 1672 4747 3532 1933 654 1763 1070 4312 3289 2780 1301
4512 2082 347 2084 1928 3338 2370 1004 354 2670 1101 2098 4662 4792 2203 2492 4991
3010 4293 1192 4700 202 2923 335 1680 3090 3412 918 1367 24 3823 2487
992 4993 292 2630 1768 1321 3722 3534 4527 2144 3636 3895 1816 4665 1309 3134 4031
1888 4705 4034 4552 1929 2026 4349 4849 1779 885 4982 1015 857 541 1470 1781
4226 4118 3772 981 2038 409 3642 2460 1532
4544 2241 867 4452 1206 4520 4681 2124 1229 141 2701 2435 4564 2528 4886 4631 1305 4924 4223
2626 1014 4807 3723 397 4049 4338 2739 4694 634 3970
2946 2405 1801 4138 2093 4270 316 46 1431 3834 3548 2621 926
2278 3686 359 1207 3889 4531 1270 3319 444
4481 738 3901 3752 1322 2690 2157 4302 4525 2088 3251 3694 374 858 2875 2716 1533 670
3270 4937 4126 1458 529 4658 4020 4757 4617 2329 1662
1173 3393 4197 2374 562 1234 2485 3318 1784 4409 4922 2652 693
384 3937 3878 1770 4605 685 1166 1551 2864 149 4214 921 2720 2717 1301
3008 528 1188 2599 4682 3915 2446 1616 4212 1461 2090 2832 1279
2112 769 99 616 3883 4907 3215 17 402 1748 501 1600 3929 3994 1792 703
2128 3945 42 427 652 2606 2191 784 116 2293 4567 3481 2043 60
3552 2209 1413 3041 1298 555 2348 2418 4622 1167 1264 4504 2002 117 2351 2360 697 2511 3646 1429
3648 2497 1379 1893 294 1385 268 1871 4785 3698 2339 3833 1935 2885
2499 4004 837 710 4137 364 653 1901 3859 1718 3417
3745 1732 3333 817 1457 3254 3768 1081
3072 1984 2245 1225 1259 2542 943 3954 1908 1499 3036 933
2019 3173 806 1543 328 4521 1130 3312 3683 982 1598 4229
4097 1671 2316 4172 4653 2639 1969 373 858 123 1596 1178
832 1987 4132 550 2633 2787 1653 1142 4329 2747 508 254
736 2977 1573 3625 2730 940 1805 2125 4013 4403 2547 2200 1613 3294 4773
3269 4586 1324 3758 1393 4210 1811 4430 1079 3161 2426 2174 1087
2464 2979 3894 4689 2248 3626 2199 4588 1837 912 4177 4755 4500 54 2999 2648 3738 2270
2852 2277 4103 2161 2041 20 2806 2231 601
4897 3940 2230 2886 3882 1164 4397 590 4560 1938 2899 2998 3030 786 732 4906
3681 2595 3719 1036 1005 2579 3062 3827 574 4383
2208 4163 2119 3593 3441 247 3737 4287 863
4033 1026 3747 3783 1417 2570 4269 302 4276 4920 1530 3323 765
3798 4487 2952 3595 4113 86 4535 4284 542 511
4610 331 2725 1041 4328 4684 3659 908 782 1745 4821 3482 3967 4555 4021
3713 2307 2182 3216 4885 1688 4379 4385 1572 4902 4649 2986 171 3249 4918 1593 417 4299 4577 3435 4206 2928 4601 1659 1919
5 15 279 796 3102 543 4010 183 3266 1734 71 3272 207 4816 977 1370 735 4449 4325 233 1386 4717 3438 378 4732
3910 4423 3818 907 3865 3922 3765 2194 2361 629 759 1048 4729 4282 859 2781 4639
4624 4674 4910 1798 4746 4848 1133 3886 3503 1296 2706 430 3446 1399 283 2074 4335 2768 1258 3295
2017 763 3526 3718 1575 4265 2385 3375 337 3444 406 728 4539 158
2913 2434 323 2470 3207 4840 4201 2859 2156 4941 1705 274 308 1751 3480 2778 2011 834 4506 2654 1515
4672 80 738 4347 1641 1611 2348 4141 2957 4240 3537 2418 2515 1429 951 377 4411 4019 1167
3936 3056 962 4196 1989 1607 4680 3753 10 3088 4136 2483 2708 4501 2000 1129 1529 2042 2655 3124
4934 4198 937 3050 4683 2158 1592 467 4980 3278 3470 4951 4280 4251
3267 2213 4710 3121 4168 3487 814 3183 2001 4495 2677 1622 1583 4415 3791 1141 2878 3477
1433 1793 1668 2694 4455 647 2766 2447 880 1426 2132 1495 4984 4793 4986 3100 1309 766
4128 2880 4246 1894 4584 1065 3405 3328 3152 1873 3408 3990 852 4378 1467 223
3841 4867 4625 904 348 2954 2635 3756 2414 1104 4273 2602 884 136 1692 1946 3838 1343
4320 841 2410 2380 1645 1775 3666 4089 3807 4636 1885 1951
2274 1283 1476 902 3784 265 2346 3212 515 242 4323 4086 3098 956 4858 4318 2463
996 1703 1449 3563 3084 1455 2096 3986 3158 3321 2750
1955 3909 3174 3881 2762 844 4717 3471 2121 3410 1589 4278 1175 3418 2604 4255
1024 1 578 611 2660 4550 199 3209 362 923 3182 4239 1521 3890 4660 2197 91 783 4029 1755
1761 1923 4453 3142 2023 236 1066 3276 3854 3256 4691 4565 1731 1271 3896 3674 4927
4832 4769 2659 3780 2469 4060 1963 3407 3223 4472 3488 2715 375 4824 4825 3162 2075 3132
320 1317 2311 4712 108 3916 975 4176 4337 1320 627 2132 4981 92 4727 201 3195 2796 2394 734 4949
4513 1059 1494 4646 3559 4943 4594 4052 4374 4788 4667 3580 4061
3457 3623 4235 846 3632 2546 3411 1844 4871 1686 954 4734 3167
4576 2337 1058 193 1897 234 1303 1292 4898 590 2466 2960 3021 3957 2743 2584 4922 3359 3999
3296 4194 163 4294 3017 1100 785 4211 3582 2486 3706 4219 4316 4478 4351
3232 98 2533 2183 3528 3311 3536 4433 3155 677 3671 3675 4700 4573 4703
4800 2083 3364 2118 1448 4073 2154 13 494 2416 696 4146 3123 4718 3382 920 3140 2331 447
2593 3746 36 230 4358 4289 2764 1740 4686 4687 4179 564 94 4516 2586 4979 3258 4254 2805
363 4485 3082 652 2837 2073 925 4900 1836 3633 3007 3523 2117 2135 1512 4843 4460 621 113 4725 4671 3964
2240 3200 4267 4548 3944 4075 2033 754 2324 4789 598 3735 1912 4281 3860 1310 4119 3268 4405
1473 2115 1709 699 4007 1290 4971 620 2989 3983 4391 2165 2550 3067 4764 4093
256 4257 4451 3556 1223 4760 2066 243 3520 3189 1238 2871 4120 921 2874 3869 3902 3071
3456 3617 2755 3089 3751 2120 3885 1345 4333 4369 1778 724 3048 4054 4315 4156 1581 4926 4181
4768 4992 3778 2976 4324 1157 1420 2842 2252 1485 4398 1743 368 820 3682 4566 950 3002 4361 3933
4868 646 266 533 4767 1699 554 301 1465 3771 4032 1729 4551 4810 3660 2512 4827 481 355 4838 3302 3815 3306 1137 1012 4983 4088 3453 3070 4607
2688 4129 1827 132 4966 684 4556 3917 3864 80 4817 2611 2613 4112 3337 4440 2404 3236
