768 4588 2125 2095 2196 3446 3640 276 379 2589 4222
4832 1537 4579 1984 2791 210 1513 647 1517 50 242 4723 2324 3734 1748 1786 4467
2337 1922 2467 486 1286 4610 3215 624 1081 1430 1751 4888 281 4762 4166 1182
225 4994 3110 4423 1096 903 2701 17 2964 2647 250 1564 4861 1023
706 166 2537 4746 491 370 3600 3825 2322 4980 246 1848 4921 3706
2848 2800 2595 2980 581 4711 3242 751 2640 4017 1526 3705
1313 3397 4263 117 2360 2681 858
4384 2433 2722 2561 4841 3818 780 2224 371 1014 4383
2977 4034 37 2279 682 4903 4226 2749 560 1588 4986 95 3077 2362 3967
3107 3684 3464 2730 2031 3602 3095 2973
3872 4256 195 4709 4102 2945 1192 300 12 1330 227 1268 3897 1760 947 158 1061
2017 4130 2183 1770 1191 3053 3155 4847 656 4338 211 1015 1690 699 1610 3198
1872 1665 802 1579 1073 4873 3370 2187 684 1090 4654 3952 81 1545 1323 4924 2429
3041 995 166 1633 2824 1259 4434 3759 2096 145 4370 3156 1103 956 3581 1502
3840 4225 610 1798 3969 3049 3789 2327 1530 1533
4358 5000 152 4377 4140 2357 4023 3260 318 4806 1352 4663 4429 4304 1110 1373 1127 2026 4203 750 2544 4982 3193
2784 674 1316 4261 4360 1276 4266 1708 303 2868 3908 580 3067 4988 650 3429
384 1 2565 139 528 4625 403 1428 618 1691 419 2596 423 1705 3376 184 325 4939 676 3801 482 233 1386 1004 4976 1130 255
1184 1568 2562 4548 1925 4968 962 717 336 3314 435 603 796 573 926 930
3712 1091 678 1165 1071 1904 1112 4120 4951 4728 2297 314 143 986 1531
3521 4995 680 235 2098 4142 1647 882 979 596 1630 343 2735 2045 4158 3679
2466 3173 3628 2667 1868 659 2140
1921 418 2056 3145 3565 29 1584 4632 3891 3220 3061 2761 4792 889 2906 2171 4157
1403 198 4362 1772 461 1424 2739 2550 4856 442 859 223
1920 4481 899 395 4236 1806 146 3871 4779 688 2484 3514 415 65 213 222 2146 4965 2536 3565 2680 1663
4388 3880 4201 1452 3797 2518 887 542 1662
3345 1702 199 1000 4137 1324 1135 1137 4146 1591 3576 3837 1343
1649 2859 3052 4495 80 3601 530 871 4443 2108
290 1220 2151 1453 4785 4818 1471 1622 599 1464 2724 91 156 3103
1728 2050 3974 1543 3853 21 3100 3871 1058 44 4273 1593 60 4672 834 975 4817 3799 4815 745 106 2411 4975 3824 4724
1126 1449 1552 3411 1492 1845 4121 2715 2941 1182
1152 1633 4811 133 166 873 1558 4683 1687 203 210 995 2004 4342 1259 4761 1103 2107 894 2687
4416 4896 4004 519 2027 4205 2382 2639 1617 1780 2071 2201 635
2080 2412 3503 2768 2005 3677 2901
608 4641 4866 1403 709 3430 2215 1736 234 2927 4080 4529 245 251 2552 1083 990 2847
1152 738 1382 4454 1354 1606 493 4048 1362 1237 1911 2875 517 543
3297 2914 678 1071 1165 143 1904 1112 4728 2297 986 1531 314 1055
2880 4129 4 101 517 4749 2670 466 1681 178 1877 246 1147 3900 4766 2277
2911 3972 2085 2057 685 3247 4913 863 4893 2398 2149
162 515 4581 4649 3403 767 946 1203 3672 377 2266 2815 1628 3738 1183
4386 3555 2404 3243 1040 913 1923 3605 36
4991 2084 296 1929 458 4940 2670 565 3736 932 1179 4028 2207
2464 2118 395 1420 4174 1071 2480 4500 885 4182 4596 2267 2364 2461 30 2399
611 1415 1321 111 4187 1411 4315 151 975
866 1354 465 1235 3639 4571 3839
256 323 4997 1575 2636 4990 115 4148 2494 503 1016 857 570 3487 701 4702 4517
288 1761 418 679 1706 4876 1583 2269 3028 4598 3274 4927 426 4957 703
570 3141 2984 1737 587 4112 136 4210 2067 2136 4058 2076 1786
1313 4100 117 2360 2681 858
3393 3842 3079 4778 2283 1314 2039 3195 1086
4289 2756 3046 1417 2351 4600 2840 4185 2394 2686
3425 2440 1034 2381 2986 2098 4468 3082 3358
4834 1590 2920 2185 808 4845 2606 783 2000 2696 3885 2452 21 3318 4791 4770 2063 1820 2729
361 108 2676 2778 3515 2174
1504 3264 4932 1030 1641 2505 1660 1549 1101 1368 4725 1033 3768 356 1695 2460 1149 3612 575
2016 3683 2117 2311 3945 4782 2994 2232 4639
384 4833 419 4325 105 618 4401 1203 1893 348 234 1381
3618 1734 1738 75 1932 2285 400 4798 121 94 3957
2368 129 133 1377 4872 1226 4043 4303 784 209 1521 308 2942 87 1272 921 2556 3262
961 99 2632 1355 1164 2543 1328 4722 2804 4892
2054 1288 3344 1818 1061 2471 1576 300 4690 948 58 443 60 3773 118 582 4169 3407 3794 185 1895 3821 1134 500 3830 4477
1200 1572 2569 782 1455 4144 2780 4155 4380 4542
2498 2854 4999 3595 1871 145 1624 2173
320 4736 4421 1037 2671 1616 2481 2229 23 2590
225 3651 2710 4712 4459 840 1648 2513 2546 53 3798 1143 474 1439 1744 2333 383
4256 1760 195 1892 832 1777 1192 12 107 4300 4848 433 2683 949 4950 3671 856 1273 283 444 350
3972 2085 2057 685 3247 3985 1654 2911 4893 863
320 235 4869 4774 871 1801 3723 3052 1037 1519 1616 2859 2229 4918 1649 566 2481 2590 2671 23
2464 832 4194 551 4593 4851 2230 2839 28 2431
2054 2471 1576 1895 3821 4061 3794 58 948 500 1818 443 3773 126
4809 3658 332 1453 3278 591 3572 46 1115 2206 447
4643 1252 677 4072 553 951 1229 718 847 4560 1238 1431 2393 2167
4768 2598 3432 1482 4270 368 370 2100 1079 217 1530 1307 1305 3389 734
704 1697 2 1285 321 4808 777 555 4332 626 2035 2560 826 3997 613
3 3702 3847 1643 1784 2307 3381 2006 4280 443 1789 4286
4832 3713 3739 5 2825 1234 3734 3311 4248 242 399 4886 4535 632 697 1370 3183 2204 3037 1726 127
1987 2276 133 263 8 3116 4682 235 2156 141 302 232 3154 19 1934 3385 4729 1212 1469
4096 2018 484 1254 73 10 1423 464 2833 530 759 1304 1092 2058
3488 353 2215 2409 2919 397 2190 18 755 3190
3682 3528 2673 20 1557 1399 508 3071
1537 321 2091 3090 503 31
33 3618 2406 488 3338 1355 4400 4499 181 1787 4348 862
35 70 1927 4488 316 1931 3470 815 2993 3346 2787 2707 2808 153 923 284 2123
4535 38 2695 3563 688 471 571 3708 1341
4705 3139 964 2822 294 2657 328 41 106 397 558 3241 536 1722 444 1861
2368 129 4932 133 1030 1425 1833 1226 4043 1354 4303 784 209 308 55 1272 87 1660 2556 2942 575
3072 387 908 4652 4046 2226 468 3829 825 63
2432 3963 68 2053 3367 4777 1325 2738 2427 1085
1248 4385 548 69 1201 2314 2385 1521 2389 1881 2971
35 582 70 4488 1721 1134 3407 3344 1288 3346 4595 118 2787 153 1179 284 4477
1667 3716 72 2286 1149 1368 1365 600 3492 4218 1695 349 2261
1760 738 195 3719 1192 2474 12 4750 3599 328 1140 2046 566 1753 79 4029 478
2434 324 3947 655 338 211 311 88 1340 61
1824 97 4514 331 747 2552 1283 4536 2264
2818 516 1477 3039 2504 109 1486 4240 468 438 820 2617 511 4507 2198 447
128 3715 2180 1030 8 3083 3213 655 402 430 4896 518 2733 302 177 1082 1469 2879 582 327 77 849 214 215 3678 355 2930 371 4984 122 892 765
448 1282 130 1353 3562 1090 2254 4605 2448 2388 4309 2648 4842 1407
131 2948 3464 395 655 3619 790 3875 1690 4506 291 549 3240 3755 4669 189 973 592 2129 211 340 88 228 365 829 243
2497 3234 2421 3080 137 1195 3692 1826 2191 1269 1980 735
3939 422 1959 4520 140 1967 360 530 505 2747
1574 3463 142 1745 1907 1912 2520
3841 66 886 295 2280 876 3914 1036 2958 2141 48 1522 150 2716 3338 540
4614 1162 140 2573 1558 408 157 422 4391 169 4524 1967 2747 1216 2626 2125 3405 1746 2004 85 3554 3939 357 742 360 1959 4081 2169 4221 2133
160 1401 2162 1045 1637
161 2821 1702 455 1898 1671 1711 370 4819 1400 3066 1482 1374 2911
165 1349 553 2893 3391 1365 343 4191 4254 3167
1538 4869 1166 4495 4632 2336 167 2859 2990 946 1600 1348 716 720 2516 2403 871 3047 3052 1517 1648 4977 1649 632
3236 2310 4519 4200 172 909 4238 1837 240 4657 1758 889 3582
256 3209 2698 1683 409 478 2841 32 803 4517 1575 553 1010 2351 180 4702 4148 570 701 2494 448 323 3062 207 4689 638 84 344 857 1755 221 4062 232 2158 1906 115 3573 2294 503 1016 763 4990
1669 649 782 4369 405 1311 2465 810 2483 1161 1595 188 1214 1346 1219 842 606 187 878 1398 2295 2197
4096 962 1219 842 1346 878 3380 1398 188 4254
2240 193 1314 2443 2134 295 10 75 2759 48 1009 4726 215 1880 121 1498 123 313 3966
576 1702 652 3594 2380 205 941 3923 1143 377 399 254
1189 4678 328 444 139 4716 558 1231 1072 1416 1742 1366 2744 2718 2216 220 1310 406
224 4672 834 132 9 1543 3721 2411 3820 3022 1007 4082 4532 841 3254 4919 4760 673 1728 44
353 226 2661 1926 231 1480 4105 170 343 2684 2735 2743 1049 346 4700 1857
1 4 517 1928 2572 1044 543 2208 4773 4646 1069 307 1606 2380 205 2255 1237 2519 2867 3930 4721 1911 252
1 4 517 1606 2380 266 44 205 573 113 2867 4884 1237 1911 445 538 543 60 253 926 1925
1952 1346 707 2789 4806 1127 3017 2602 750 1391 2961 2836 2357 2872 254 223
3713 811 260 5 2401 2443 3951 2768 1843 3316 501 247 888 1195 4167
2369 264 879 3504 1553 2740 2996
132 3336 10 268 1423 1296 2833 530 404 1173 3350 1304 900 218 1835 436 1735 4684 974 2513 722 469 982 474 1120 2018 484 229 1254 1938 3669 2031 497 1778 1782 759 1916 383
1152 1043 277 4130 1454 2875 330 19 328 1354 2637 465 1362 1235 1237 2722 866 4454 1382 106 493 1139
4800 4929 3748 669 3496 4937 2090 2839 524 4685 3917 626 4787 279 312 1977 3130 4381 4292
384 897 4877 528 280 1691 419 3249 45 4912 433 691 1844 2620 318 2623 325 3933 2280 233 618 365 2799 3704 1145 639
322 611 4135 1321 1415 1612 111 1411 4315 151 607 3803 287
4993 420 1317 4262 289 1928 236 845 1614 3503 2790 2290 3155 1838 1015 1690 699 3198
33 2406 488 1001 2419 304 4499 181 1787 862
19 2722 3094 4775 330 1069 1454 1139 1747 3992
1860 1788 337 3474 1973 924
352 354 4035 136 3516 2858 1836 4045 494 968 339 1364 1589 2612 1404 490
341 7 716 1646 3760 179 852 2517 1882 1851 2101 2421
257 3 3686 359 2760 2601 3499 4908 4099 757 150 4331 4505 4797 345
1017 2346 1172 3390 351
515 2436 1157 2823 1418 282 1427 2202 2077 3118 434 309 4665 3296 4035 1993 461 339 3001 219 352 354 740 231 364 494 147 2554
2561 354 835 1028 1541 2726 103 2472 298 1509 842 1742 1213 1041 915 4913 761 847 2470 317 4677
1507 3377 2376 362 4557 2512 945 3538 1747 2424 3166
1058 2051 100 2182 1351 1372 439 364 1314 2093 4880 113 963 916 4627 823 1659 1148 62 3487
385 2882 1670 1665 1512 4330 2507 1826 1744 376 2325 2710 792 2233 795 2333 1439
2629 1256 234 2379 437 2553 2014
2456 43 676 453 678 183 4713 1386 3531 856 818 4820 1705 184 1428 2299 1578 869
1473 3297 456 2025 1998 4816 4049 1714 2335 1822 1023
1600 321 4276 644 1413 449 459 4302 164 1300 1668
2817 772 141 3470 4368 3346 4502 4249 153 1305 2077 3487 35 295 434 3638 70 462 217 734 2787 3432 2962 368 2808 505
481 579 1348 3363 3700 2262 1723 1853
475 485 2185 1132 3535 3248 510 3674 3983 574 3525
1872 1899 4868 487 1036 523 4012 4848 467 1460 758 2490 4380 1661 1996
291 1060 455 3464 489 1484 685 1935 4688 2129 3412 2686 504 953 4635 4126
1632 1857 419 3241 1610 206 495 786 309 384 618 4542
1382 1863 1546 3019 4047 499 3188 21 1876 175
2235 1236 2245 744 458 3199 525 2189 180 629 409 1755 4156 159
1536 1 1156 4554 1175 1292 2830 944 1450 84 374 4503 724 539 2621 2142 255
577 1347 901 838 4650 2509 2998 2879
1729 578 547 166 1633 41 1259 208 210 1102 1103 304 306 995 3477 1687 4888 3419 1147 1820 117
2594 1891 1126 142 584 1389 1998 1365 4826 3295
384 2081 419 4325 1255 585 618 2197
3329 586 1582 1169 2456 3690 2047
4007 1930 594 1811 4084 3255 2878
3936 897 3202 2243 4452 3531 2841 2865 1267 4662 2455 601 410
1136 591 2896 4337 3122 1301 602 1597
3584 1687 1820 2976 291 166 3112 3250 304 306 58 1729 455 1102 1103 208 547 605 1633 995 615 1259 4688 1147
609 2888 2217 1834 2188 488 1298 4410
133 3214 1935 1810 1687 1820 2976 291 4901 166 306 304 3250 58 1729 455 1484 1102 1103 208 2129 210 547 3412 216 605 4688 995 100 685 615 489 1259 83 1633 1272 1147 2686
4960 2721 2082 1707 3108 3366 4522 1963 258 622 1840 2450 1116 3005
516 1223 2056 2282 1383 205 2350 623 4881 402 403 1796 1842 925 223
763 1700 2245 744 2253 1236 629 2997 2235 3199
864 961 99 2343 2632 1164 2924 2748 2863 1328 4722 2804 1077 630 1559 2424 3643 4796 2543
640 738 3875 2948 3240 3755 973 340 790 1690
1824 641 4514 331 69 97 747 4143 2552 1283 3126 2264
64 260 2693 1318 489 1739 428 175 80 1060 3689 953 3834 1935 1484 793 2686 645
1376 450 484 86 646 2535 2037 4938 2439 1005 655 4785 530 211 1013 278 88 943 1858 735
1505 1668 4198 2409 4970 651 1356 1198 1775 921 1521 754 969 152 1433 3485 2398
2144 4801 3781 401 657 2323 4022 1791 1084 2495
163 1806 688 146 213 662 2933 3962 3093 222 1151
608 4641 4866 251 709 3430 2215 905 234 3501 2847 2576 4529 245 1398 2552 1403 668 2335
577 1347 901 838 167 2509 4632 1722 923 670 2879
2438 1927 1931 785 923 284 672 1196 557 815 560 2993 3506 316 1345 2116 4680 2123 738 1743 3025 1122 4585 2288
3906 8 681 2156 302 445 3385 1469
42 3339 1420 686 815 2548 1561
1019 932 710 3915 2540 3218 1237 4568 505 955 2494
2752 294 2670 719 4272 2644 3097 4413
3715 907 3213 402 4896 39 430 318 77 205 4179 1364 214 729 92 3678 2145 2153 1261 238 367 1274 892 765
1888 2561 739 932 1927 4264 316 1931 876 1345 815 2993 2123 2707 2454 250 923 284
3873 578 1380 2593 4299 748 1070 2416 1846 4919
774 1551 1429 1431 1950 32 1061 806 553 300 1010 1329 947 4102 4298 1485 344 1756 479 4961 1506 227 2544 370 4596 3573 1915
4307 1381 166 1640 778 846 2963 1683 665 1048 4921 2234 1915 2012
273 3432 781 368 4497 1305 25 217 27 92 637 734
1696 1958 3014 843 2220 3282 2266 4732 798
801 1058 1124 1478 1351 1769 823 3948 2099 4055 2200 1434 1372 506 1119
1888 65 514 67 3334 807 3048 1986 463 372 3351 608 4538 943 700
2722 3844 261 3433 4746 814 2065 1970 1396 1813 2154 2469
1536 525 280 2975 1825 1699 1317 3238 4525 819 308 159 957 1477 1105 4699 989 3169 2530 356 492 2030 752 2549 4986 2800
832 1669 1065 45 1361 4983 824 1465 3931 1948
704 1697 4034 2469 3814 321 2441 4332 2 2579 1044 86 697 826 827 3997 1285
3841 3338 2391 1806 2191 1682 150 3483 2716 3742 3999 4257 4900 295 688 2867 121 833 48 1734 75 4172 213 1751 222 146 3056 1522 886 633 4733
35 3366 3014 843 3346 2787 2808 70
4609 1380 2593 4299 748 1070 2416 854 3873
4738 1092 1349 1064 73 3178 343 1902 464 2418 4822 855 2058 3196 349 62 4735
129 3202 2243 4452 453 897 3531 877 2865 2034 1267 4609 4662 2455 2841 410 818 158
128 513 2306 451 612 4934 3846 2625 3210 363 880 177 2488 1051
4544 3620 200 1773 2128 1297 4340 2645 248 884 154 3803 1144
271 1303 3741 453 678 3239 3758 1309 818 2492 196 3653 2638 4825 3165 2535 4713 1386 1639 2299 2044 895
961 906 103 586 2029 1582 1169 627 2456 298 2047
1600 321 1854 644 1413 3687 3574 459 620 4207 912 4854 1300 981 278 164 1013 4246 4095
1025 3302 4070 2889 682 843 3850 1776 626 1908 918 279 23 1977 2395 4444 1322 2295 1023
2018 1254 10 1423 2833 530 3571 1173 759 920 1304
2758 2982 935 458 3115 846 3062 1246 1887
2593 4674 1131 1380 3873 938 4299 748 1070 2416
4737 163 2665 746 2955 2252 939 590 3217 3764 2871 891 797 1239
960 4545 195 2951 946 4050 116 2522 1724 506 3070
32 965 2119 232 553 2315 2158 79 1010 276 344 3225 763 478 1407
642 1067 2948 139 530 2069 3609 4261 4011 3630 4537 2241 450 970 1359 80 355 228 1501 592 2019 484 488 1387 365
1072 1189 328 41 106 3533 558 205 976 1416 402 406 3419 444 125
1226 2669 2353 1653 2104 3159 984 1338 3317
1600 4321 59 644 1413 321 459 285 1300 536 164 987 1053 286
4331 3207 4872 3477 921 1820 670 547 166 304 306 3552 3262 992 1102 1103 208 1729 1888 1633 995 1259 1521 1147
1057 4674 2883 758 4038 3377 4424 3981 814 2097 1042 4601 1210 1270 727 216 2737 4474 1211 2234 958
3553 4678 2216 444 139 333 558 1231 328 2453 1366 1047 1528 2718 3034 220 1310
2401 2818 1636 961 4938 971 3054 1200 1201 1204 3710 4631 2168 2524 1054
136 651 280 2975 1056 752 1699 1317 3238 819 308 4411 957 3909 585 587 1105 989 3169 356 2030 880 2549
1282 2448 2648 32 1062 553 448 1090 835 4677 582 455 1353 2254 2388 4309 344 354 3562 1771 2158 1010 3573 504 506 4605 1407
4192 2465 1063 2152 4489 2442 299 716 3184 2289 2067 2486 3007 2602 4959
640 2059 457 490 1067 4972 1821 728 342 1097 1176 381
1376 4165 3526 1479 2439 646 943 1861 3864 4691 1076 1205 1366 3032 1396 3899 2328 1845
123 1078 4551 3626 1420 1709 1071 1393 595 1174 4793 667
2752 33 483 452 773 3665 207 881 1080 3581 2430
2113 1954 2884 1093 2600 2294 1802 3984 4776 149 1462 1273 2170 319 1500 182
4352 2240 1314 163 2134 1095 3018 1611 2759 1009 193 4565 4726 2023 1880 313 1498 2443
1029 4425 557 270 1104 243 3732 2422 1631
128 261 2905 280 2975 4769 1699 1445 3238 4317 177 819 308 566 1084 957 1347 3617 1995 460 1105 1106 1241 989 1317 3169 613 3132 2030 3961
2018 580 1254 1286 391 617 10 1423 2833 530 1107 436 1173 726 759 1304 484 4570 3142
416 131 228 4133 365 592 1492 1114 829
4354 525 2961 150 159 3370 3527 3380 188 1346 1219 327 328 842 215 1496 1117 106 878 1398 122 123
1600 2336 1538 2595 3047 167 1166 4977 2403 2516 632 1118
1128 1546 2187 81 665 1689 2618 4924 2280
4864 2464 163 3046 551 266 3927 2220 2803 183 184 1146 28 538 897
1280 1862 1720 3437 1101 2193 4659 3510 439 504 4377 1150
1664 3749 1159 1225 1740 1199 2384 2321 2361 4753 4121 796 959
576 4771 164 1702 3594 652 941 399 1171 1143 3160 377 3923 254
898 388 2181 1675 1806 146 3093 662 917 1177 3996 4229 4773 4521 4653 688 4914 4574 2999 2255 632 213 222 3180 499 3960 505 3962 127 252 1151
1186 4196 1733 3505 2637 1613 1490 1873 2194 4091
3107 1188 2730 2031 3602 3095 1370 1276 2973
1952 707 101 1190 2602 1196 2836 254 2789
4320 1665 739 4264 1197 14 1744 1512 115 4692 2133 2710 24 250 795 2300 2333 2654 1439
4032 1154 644 1413 3462 4111 145 1300 794 285 286 164 1199 567 59 1600 321 3272 459 4941 469 2777 994 3298 1266 3574 1783 760
193 194 4835 4612 3115 2796 3890 2807 239 635 2706 675 1108 1207 2330 91 2443 2426 4575
2690 996 4805 1063 1576 1208 209 1163 4396 2658 4125 945 1524 789 440 1243 3453 4959
64 1217 100 134 1894 1148 1803 4783 113 852 373 2966 3767 62 1487 2487 3069 1406 766
3745 2758 1222 3784 461 2415 3221 821
2432 2053 2439 4887 278 1687 166 4777 1325 943 2738 1085 1858 68 1227 1103 210 4052 1633 995 2533 2922 1259 2482 1647 117 2427
4864 4225 3938 4708 1896 266 2220 141 1230 765 4784 3698 84 494 170 4298 4569 538 1972 221
4513 1762 899 3143 860 2093 2127 496 1233 4153 943 572
1633 2850 1635 166 1393 1320 1451 1103 721 995 4789 1259 4408 57 3443 1240 1981 2165
126 4613 3206 936 491 813 558 47 2216 1310 4718 1366 2718 3322 1231 220 2622 1247
1249 1990 586 2029 1582 1169 2770 4116 2456 906 2047
2400 1665 643 1831 1672 1801 1258 1102 2043 4955
864 2081 2211 1255 585 490 1287 3053 1419 211 341 630 2839 88 1785 1567 4796 1565 2197
897 1315 677 998 711 2060 4161 178 1337 2618 1424
2273 4387 1319 936 844 813 782 303 977 47 712
384 4866 515 261 668 2335 4641 419 2215 1320 3501 431 4529 434 566 2847 709 462 608 251 3430 234 245 1398 2552 3707 618
2496 1312 2627 1350 6 4999 4365 155 1332 725 2774 3540 890 3067 2143
123 1379 3237 4551 1800 3228 3626 1420 301 2705 595 1333 1078 1267 667 1244 954
4096 4161 1092 1446 73 2058 464 1337 1981
864 4096 1219 1092 3045 1446 73 2058 62 878 1981 464 188 3294 3254 1496 4633 1398 92 3645 1342
33 488 2576 4499 2772 862 1371 2717 2334 181
2821 1548 276 1946 2345 1711 2746 2378 2753 4933 74 1374 2921 1388 1133 628 1400 4217 3066 764 509 1022
10 1423 2833 530 1173 2454 1304 2844 4893 1570 1456 3142 969 484 1295 2018 4196 1254 617 2410 1515 4972 1390 3571 759 3577
2048 1345 2019 3140 1893 295 716 4458 7 1356 1646 2479 3760 2961 179 2101 2743 4664 1851 1405 2421
2752 1409 4346 1315 294 4327 2793 2155 2060 719 1360 2644 3447 3097 2202 4540 2618 199
1410 515 141 2435 2197 23 793 1183 2081 4649 946 434 52 3638 1567 585 3403 462 852 341 4952 1882 1628 1742 1250 1255 147
4802 683 167 3656 3356 4619 2957 1421 511 598 1687 536 1338 315 3932 1918 231
7 2344 716 1646 179 2421 1432 1851 2845 2101
960 4545 1443 2951 3836 2247 946 4050 195 643 1589 116 2522 1724 506 4670
257 258 1963 2450 1940 2721 2082 3108 3366 4522 1707 2734 48 1457 3005 1738 75 211 88 1116 1840 4960 121
3362 1925 1458 3796 406 3385 445 517
259 1925 492 3343 573 446 1463 4602 445 926 805
1088 4002 2468 905 3178 2700 2594 367 2293 502 617 377 1467 767
1026 3075 2314 2829 398 2319 3988 496 166 967 557 48 3586 3769 570 1474 455 4680 3662 2514 723 3290 3686 742 107 2928 370 4980
1483 3399 1704 3275 190 629 2070 475 4763 3293 542 3263
2049 4994 2444 4866 2704 17 2335 4641 4267 1736 4529 187 2241 709 225 1096 1499 990 608 2576 1083 3430 234 2927 4080 245 1398 2552 251
2720 928 450 3205 614 2663 972 364 1957 3790 431 986 530 58 52 309 441 2682 1532 4573 997
130 1539 2724 1797 4842 2062 2231 2525
4352 321 4388 1544 2793 2157 2190 2384 2355 1684 2074
1056 1993 1674 1550 4431 339 3348 2870
2147 2919 1032 600 4088 1555 2712
4194 2629 551 1256 2379 1556 437 2230 57 2553 28 2014
4869 524 279 669 1566 803 3748 167 3496 626 49 4787 312 1977 3130 3133 4800 4929 4292 4937 3917 4685 2390 207 3039 2656 109 1906 2294
3328 4618 4889 271 1303 793 2076 3741 1569 4572 821 696 196 3653 161 4175 1464 1500 1639 3308 4848 756 2044
262 1416 1552 2705 406 3228 1189 4778 301 558 1072 1800 954 444 1086 1602 328 1244 3168 1379 745 106 125 2046
482 2596 2565 423 1130 4939 1069 3376 1604 4606 1573
1440 1696 4898 2779 3014 1958 2827 783 3282 1621 2902 798 2649 2490 2927 4732 698 1342 543
4995 902 4876 3459 159 288 418 426 1966 1583 2269 3515 190 703 1761 4810 721 596 1623 4957 481 2928 882 4598 3028
3975 1037 3473 786 4628 1558 23 156 2206 546 41 1453 46 2481 2229 3002 4831 61 4031 320 4037 203 332 3278 591 1616 206 1622 2590 1629 95 4583 1387 2542 2671 3572 1215 127
3681 1828 519 1137 1652 436
4993 386 1601 3596 400 2581 26 2734 2992 1074 1461 4798 449 1734 1932 1738 75 2892 2383 4985 94 1657 4460 2285 3186 121 1023
392 138 4621 3989 217 1305 2591 2212 295 809 1585 3507 191 193 4036 583 3283 3161 2010 92 734 3432 4844 368 1651 116 4086 247 1658 2175 4863
1312 1350 6 1991 3540 1685 2774 890 2143
4515 1316 1000 220 4716 1773 688 4340 1205 3000 2356 2555 3068 1693 1886
4898 3043 2309 1703 3688 1453 61 1622 156 1437
32 3051 3527 553 1867 2158 1010 1717 344 3573 254 1407
4608 1664 1957 3760 949 62 959 1217 66 327 1225 211 852 2517 215 1752 1882 2397 1758 223 3053 122 123 125 341
1348 1125 1768 3341 720 946
1025 4581 3302 1799 3850 843 1776 1908 2295 23 4070 2395 4444 1322
1858 4067 70 4488 2922 1227 1804 3346 3470 2616 2482 35 4888 3386 284
2368 129 133 1446 4680 1161 1226 4043 776 4303 784 209 1812 2551 1272 308 87 2556 2394 2942
897 4996 2950 1419 2828 528 4630 1815 154 1691 3114 3500 1326 2223 1716 1466 325 2316 2766 3281 2901 736 4710 233 3324 4620
2720 2177 923 87 3725 4910 1807 595 463 1655 3641 1819 3740 3295
1921 1827 2761 4157 1584 4632 3061 3145 1752 889 2906 2171 29 2613
866 2180 1235 1354 3639 465 4114 371 1847 2679 1082
289 3373 845 3791 2290 1909 3286 1852 3197 373
608 1476 71 1864 2249 2477 2413 3058 1276
3712 1904 1091 228 103 680 298 1869 1071 592 365 4951 2297 314 143 253 1531
1744 2083 2150 4712 1870 3183 2928 1512 4883 2710 4471 795 2333 2654 1439
3139 2884 2853 939 942 1875 916 2702 1271 3994 2170 1438 1093
4875 275 536 1563 3230 934 3881 938 948 2358 267 847 215 1884 4448 3171 235 3820 1390 1650 3699 3707 1919
897 4515 688 2356 1886 3000 4340 2555 1693 884
1889 2786 389 2662 2574 1688 4409 2843
3362 1640 778 2963 1903 1048 4307 2808 665 2234 2012
4352 321 1544 2157 2384 2355 1684 1910 2074 1951
1505 1924 369 299 1356 4813 1198 1521 4594 754 152 1433 251 3485 4958
2628 3751 327 4429 3151 1936 3761 3124 822 1753 3163 2239
801 1830 455 1463 3948 504 2742 1943 2200 506
128 2565 1036 4375 4377 1953 2596 1573 423 1069 3376 177 1460 2104 1989 1996 463 2400 2660 3175 1130 1899 4606
2304 128 1348 1222 1960 177 762 2653
3072 387 4750 791 3098 674 1962 433 2226 825 63 1729 195 4046 79 4472 468 2617 1245 478 1895 1774 1905 3829 1784 2938 1489 126
4257 2947 292 1318 3625 2122 3004 1933 3826 2774 1975 2939 4828 2334
257 4099 359 2760 2601 2539 757 150 4797 1982
128 1989 3175 2349 463 177 4118 4375 3993
897 283 325 4840 233 528 625 2002 1491 1716 2974 4375 1691 3324 4445 2462
2081 1255 585 2197 4054 2008 4314 1567
3280 2531 69 1465 2128 2971 2011 2672 305 3171 3668 343 4825 3451 2492 895
1462 4776 1802 182 2600 149 2294 1273 1500 2013 319
3809 3459 3673 705 1741 1937 1027 212 2038 3415 532
353 2116 1345 4297 3954 783 2288 785 210 598 408 397 2042 731 557
1237 2052 3051 3244 2061 3663 3252 1717 2038 4727 285 2783
1410 1060 2087 489 1484 781 4014 1935 953 4635 2686
256 3905 3305 4715 14 1904 690 4147 1488 2094 2934 2164 831
770 1627 838 3206 1608 1481 2105 4813 1135 369 60 253 2965 2711 1720 2233 3994 251 3144 189 158
4640 65 516 1992 3817 1965 4237 2160 3153 1972 521 438 2089 265 2110
998 4422 711 2120 3693 1424 721 1876 693
2370 966 3910 2567 1865 2348 978 1203 54 2121 3030 3961 378 1340
2818 438 2198 359 2504 3817 2794 4908 1486 4240 820 3253 3894 2135 665 2298 4507 3614
1888 4739 2693 2184 2159 80 4217 3834 175 645
256 3593 3659 305 4562 2195 3795 439 2419 3099 4668 1501
3137 2213 326 1255 872 4329 2762 2535 2700 3309 1134 4719 2832 1288 582 1325 118 87 477 4670 1580
644 1413 11 4754 1300 411 2214 175 432 693 310 836 459 1742 4195 4942 3288 1375 96 227 4974 3187 2036 2041
4416 2027 4004 2219 4205 2382 1780 2071 2201 635 4061
257 2691 4502 544 298 940 941 1719 3133 3909 462 3536 2263 729 1756 3297 103 2031 3057 2292 253 4862
3104 4194 1926 551 3466 908 3854 3664 3697 2614 57 1499 28 2271
2432 1505 2275 68 2053 2369 4777 4394 3367 1325 2514 2738 4090 2427 1085 2143
1152 4131 3268 390 3274 3947 3310 655 2032 88 211 2296 1720 1594 508 61
1762 3973 3143 2089 61 1201 496 1233 538 508 2298
2305 643 1 1289 394 2706 675 3367 3118 3890 309 4792 3402 194 4035 2378 339 3413 352 1121 354 2807 635
928 752 2316 1325 2223 2320 849 2901 3862 1815 154
2883 2341 2097 2737 758 216 1210 2653 958
1554 26 2354 702 1645
1825 3907 3205 230 71 972 2474 3851 1452 525 3982 469 52 3790 566 2359 1140 58 159 4894 997
2372 455 4967 1482 3339 1228 686 61 370 2548 1561 504 2820 538 1898 1671
2052 2405 4008 3244 3085 3663 1717 3252 1237 4727 1208 2783 285 309
2592 2248 4330 2045 2956 1966 303 3112 3862 2425 3165 2302
1985 1250 3715 214 892 2236 2283 2445 2894 77 3213 849 430 470 1944 4984 655 124 3678
321 644 1413 3574 459 620 2446 4854 1300 1013 278 164 2813 4703
317 354 4035 4677 169 2506 1742 3759 1041 339 590 1213 761 157
1088 3072 387 2468 2508 3178 4652 4046 2226 468 3829 502 905 825 2293 63
2849 2850 2915 792 2492 4141 2510 515 2385 691 4771 696 2490 4187 3483 3547
2528 3264 4932 1829 870 1368 1030 1695 1660 1149 575
897 1691 325 625 4840 233 528 2577 1243 3324 2462
3553 515 3165 483 4756 1047 1528 3034 2586
4262 225 3427 420 2597 2790 938 1611 1838 1614 4926 3647
1793 2049 3624 1100 2608 2417 402 2361 412 638
2624 1931 1927 316 2123 2993 923 284
3141 2630 136 4873 587 81 2067 1737 2136 4058 2076 1786
98 2251 4068 2666 715 910 1170 3587 4366 3675 893 405
2688 1031 2989 335 3440 1841 1778 2909
1248 3073 1990 1249 2697 906 3631 976 2770 4755 3540 4116 4447
4450 1862 2728 1720 3437 2193 3510 439 504 1150
4737 163 2665 746 1239 590 3217 4658 3764 2741 2871
2658 550 2078 556 3694 1109 85 1335 2526 2745 30 3807
2369 264 879 1553 2771 2740
2722 3844 261 3433 2154 2065 1970 1813 4089 2781
129 133 1226 4043 3214 4303 784 209 308 2942 87 1272 2556 1354 2782
123 327 3370 2795 4429 3953 4244 215 122 59 2013 286
225 66 683 420 103 4874 3527 2727 1838 1232 2802 1614 1654 503 3384 4667 796 2570 4926 597
219 3460 3495 2633 522 2475 1326 1167 2228 2805 2646 4215 4890 4859
2816 577 1347 901 2509 1722 4221 2879
2914 4523 1403 4197 273 4073 331 685 14 529 4466 3284 766 4823 25 2834 27 4476 508 542 1669
1408 1060 2725 1062 1771 4142 1465 2842 3548 3610 2527
1392 2115 2851 2120 1452 1495 1196 3261 1264 4456 1491 52 691 4695 2907 1757 2974 2463
1633 514 1603 166 808 1259 2860 3885 4622 1103 2000 995 2452 2606 1687 2298 1820
3233 3044 39 1513 3498 2861 563 3860 3991 1796 1403 1535
4640 2656 516 65 1992 2089 1965 1038 4237 2160 3153 2866 3125 438 521 1659 265
1803 100 1894 134 2155 1487 113 3859 373 2966 3767 2873 1148 3069 1406
2688 2464 4194 899 2886 551 2223 2320 4851 2230 2839 4792 57 28
1633 995 166 4777 2922 1259 210 1103 560 145 4370 2899 3156 117 1227 1687 2744 956 1502
1952 1346 707 2789 3017 1391 1553 626 2900 1527 2872 2836
3843 3942 1574 3463 2342 2313 3727 3856 529 498 1907 4308 3064 2520 1713 1745 3355 4956 2929
96 4451 836 2214 4297 227 310 2780 2041 411 2940 3359
2208 1392 2115 4773 4646 2952 2519 2572 1069 2255 1264 4721 1928 307 4695 3930 2907 252 2463
3872 2945 4067 2953 1038 1330 1268 3897 158
3492 3015 72 1420 2286 349 2261 600 3716 2461 1365
1872 1090 2629 1073 1545 650 2187 684 802 4654 1327 3024 81 4268 2250 1468 3690 1438
1299 3050 3508 3756 2797 2960 3026 1395 2642 4053 1686 249 4830
417 1766 2887 3147 2124 3059 1527 1754
2017 2183 1770 1191 3053 3086 656
4161 643 1 1121 1289 2378 2734 178 3092 3413 1337 3402 394
865 293 4228 1573 2631 1384 4920 56 4389 3096 4698 443 2621 638 4901
3106 876 655 82 211 1397 88 604
1348 1125 3111 1768 871 3341 720 882 4179 2045 4158 3941
1347 1445 681 1995 460 3117 3132 1241 1084 4317 2469
4759 1818 3360 2471 1576 2606 4271 4659 436 2356 58 948 60 3773 3134 3521 975 3794 2517 185 4061 863 443 1895 4456 3821 500 637 126 2431
4865 1177 411 285 811 176 1843 3771 4161 836 4167 2248 2378 2768 96 3170 4283 3951 3316 501 888 2041
1664 4753 1736 3177 234 4748 1586 2927 4497 370 787 990 3497 3256 2607 1225 1083 2703 3326 959
4354 2084 2056 525 3182 3208 2350 122 925 159
868 4549 76 3117 1358 2991 1942 2163 1494 3192
2051 769 4355 2502 2182 2203 2120 556 4371 1006 112 1659 4402 3203 916 4085 2851 1562 123 250
1313 3204 4590 117 2360 2681 858
2084 3208 2350 2056 3182 408 925
321 1544 3211 2157 2384 2355 1684 2074
450 484 278 646 2439 2535 1132 1005 1858 943 4785 530 1013 3222 86
649 395 782 2328 1861 3235 810 1479 814 943 2483 1205 3337 1311 1214 1845 736 4165 3526 4935 3273 1366 3032 1376 1595 3899 1396
3611 4475 667 2102 4551 3626 1420 1709 1071 1393 595 1174 3257 123 2079
1189 3270 3239 1416 3597 558 207 1072 3411 406 1080 2521 2427 444
1444 3654 4934 1224 1642 2923 3276 2159 1274 2021
2241 642 4259 228 4011 3630 3279 80 1067 1359 2019 4537 3609 1387 1501
1029 3146 4425 2794 557 270 243 3732 2422 3287 4019 1631
1507 2376 362 2512 945 3538 1747 4020 3291 3166
1153 194 675 292 166 1633 1259 3330 1103 4567 2545 210 3059 2706 2807 3890 441 635 4829 995
384 419 614 550 3335 105 618 107 2925 431 3792 4401 243 500 245 503 2548 1434 1203 234 4478
576 2658 1412 2087 2571 1612 3374 1879 1273 1402 1179 2268 4126
611 1321 111 3379 1411 151
2694 4103 1677 527 4368 529 3604 1173 3869 428 561 1206 3383 570 1087 2763 4570 4962 114 1529 4474 1790
3400 1036 1899 1996 1872 1460
100 2725 2673 236 3404 1201 20 1557 1399 3092 795 508 4945 3071
2560 549 777 3410 211 2037 4087 88 1957 316 613
3424 1633 1635 166 3816 2090 1259 1103 1393 210 995 2165 4408 57 3443 1240 1981 1320
457 381 342 1097 1176 3450 1821
1984 1377 4579 1537 647 210 2791 3361 3502 1517 50 4723 1748 4216 2324 1786 4467
1792 2274 3530 4139 3342 3152 3730 3251 1941 1334 1978 476
449 578 164 331 3534 1846 697
576 384 419 164 3594 652 941 4206 399 3537 1171 4771 254 1143 3160 3993 3923 377 618 4542 4159
579 1348 3700 2262 3556 2170 1723 1853
4515 1316 4716 3566 688 1043 277 1886 3000 2555 1693 2782 1205
4481 4482 1164 1806 146 2348 1328 50 4151 961 2632 1355 213 222 95 1760 2401 99 2543 3570 2804 2426
4064 2652 3793 3036 1676 2126 721 689 1818 3580 1914 2143
1097 490 1821 3608 342 457 1176 381
1168 1897 396 4686 848 3635 2329 985 3162 4060
352 3649 386 1601 2892 4460 3186 1074 2581 4697 3596
4577 3171 69 4729 8 201 2128 2156 1443 302 3280 305 3667 3571 3385 2672 2011 1469 2971
3680 1058 1124 1478 1769 2099 4852 1434 1119
2464 2533 2118 395 4174 1071 2480 2387 4500 3701 885 1114 2267 2364 3386 30 2399
480 3714 4676 520 425 427 780 974 1296 722 533 3959 260 2202 3327 3229 3423
1890 4005 424 3369 1525 3724 2669 1615 272 2353 4979 1653 1046 3159 984 3065 2104 3317
3981 814 655 3729 1042 1270 88 1211
768 4810 2095 692 2196 3733 3446 3640 276 379 2589 4222
1058 1287 745 106 2050 620 1090 1468 3853 3824 4273 2579 4724 3763 3799 1593 4817 4815 3100 3871
2443 4167 811 3951 1843 3316 501 3766 888
2560 1957 777 613 626 3770 157 3557
3776 3041 2083 2150 4938 1870 3183 3504
384 2692 4614 1162 404 1558 4508 1439 419 2725 4524 429 3892 696 2626 3779 3405 2004 2133 982 218 3554 618 4333 1785
1185 322 2051 1060 645 2182 1612 354 270 1659 916 3861 953 3705 607 3803 2686 287
4992 1728 834 2682 1543 1032 44 2090 2411 3148 3022 1391 401 1458 4532 4725 3254 2391 3866 4285
1851 7 716 1646 179 2101 4152 3867 2421
2947 3868 3625 2122 427 1933 3826 1975 3004 2334
2274 3876 2918 4007 3336 1930 594 1811 3255 4859 2878
384 1 482 419 3558 3913 618 4625 3011 1429 4503 42 234 255
3110 4423 1564 903 2701 3920 2964 2647 4412 1023
256 3843 2342 3942 529 2313 4846 3727 1713 498 1827 4956 3935
576 3937 4933 2753 2345 74 1548 1133 1946 2378 628 2921 276 2746 764 509 1022
3318 2920 2185 4845 2063 4560 2696 3987 21 1590 4791 1692
3008 1089 2218 241 4181 4345 2969 3998 4415
2752 4450 294 2670 719 2644 3097 1658 255 4063
3200 1250 4069 1190 4232 2732 1002 4907 2764 4717 2575 3189 3703 2138 93 4959
1499 38 2695 3563 4077 4878 688 471 571 3708 1341
1043 4451 2780 137 3499 4078 1886 688 1724 4515 277 3779 3000 3566 2555 2940 1693 2782 4895
322 4411 3141 1737 587 4058 287 2136 607 4315 4093 2277
84 4098 1382 273 626 2707 2132 542 854 279 1977 253 4638
2752 3397 3782 1385 1290 876 4973 942 143 677 1620 2958 2102 3017 2904 4122 4701 1118 4511
3554 4614 1162 4524 429 3405 2626 2133 1558 1785 4123 2004 157
2242 4611 1988 4487 4716 3372 2499 207 1059 1781 2493 4124 413
4132 1736 234 4748 2927 4080 245 1083 990
544 2691 3909 940 3536 3057 4150 1719 1756
802 2187 1073 680 1545 4171 684 1090 4654 1872 81
1408 1062 1771 4173 1213 976 1041 4114 4755 692 761 1465 3610 31 3548 317 2527
3200 323 4069 4232 2764 4906 4907 2732 4717 2575 683 1002 3189 3703 4184 2138 2927 93 3294
542 1094 3880 1452 3797 2518 887 4633 442 4189 1662
2753 2921 74 1133 2345 1946 4219 1022
897 4227 4100 325 433 2280 233 45 639 2799 4912 3249 691 1844 528 1716 1691 2620 3933 318 2623
1317 4262 4231 1928 4847 3155 1015 1690 699 3198
3555 36 3243 4239 1040 913 1923 2404
1089 4709 870 977 2218 241 2258 4181 2711 2969 4250 4345 1117 4415
3739 3311 399 1234 4251 2204 3037
1603 808 2860 3885 2606 2000 3089 2452 174 2937 2298 1820 4255
1633 995 166 1259 1103 4275
1539 4708 1797 4842 1645 2062 1554 4277 2231 2724 26 3611 3484 2525 702
4288 1031 2956 2989 335 3440 1841 1778 1206 4697 2909
1057 3778 4518 4290 3874 3726 1581 883 1336 2426 1275 2972
1089 4291 4326 2218 241 2258 4181 2711 2969 4345 4415
129 738 4867 484 2568 2476 112 3153 4306 3765 183 4568 1818 3805 789
161 4324 2821 1702 1711 4560 1400 3066 1374 2911
2016 4353 2596 2565 423 2697 1130 3376
3169 1699 3238 4359 2030 989 1105 957 2975
2562 322 4379 287 1568 930 3363 4135 435 1593 3265 962 4548 1612 717 205 336 603 607 1002 1184 3314
3872 2945 3304 365 1038 4399 1330 1268 158 397 3897 4382
2562 1925 3724 3981 4884 3357 926 1184 930 2084 4393 1309 60 573 2240 2374 717 336 603 4968 3314 375
2560 279 555 613 4808 777 2090 4427 626 4789 4087 88 1977 2037 1957
968 1404 2858 1836 4430 2612 3516 490
4260 711 3368 524 236 1901 4016 921 147 2814 969 3961 1180 4446 1855
3171 4485 8 4270 2971 2128 2861 302 305 1469 69 583 3280 3667 2011 4577 2531 2156 4925 2672 4729 3451
4363 779 621 526 568 627 4180 4629 4920 660 1242 4509 2558
1664 3177 1586 2607 4753 370 4531 3497 3256 787 1225 2703 3326 959
4160 1506 806 754 4814 4799 4720 1912 50 2387 980 1198 4534 4824 1433 152 59 250 479
576 641 4546 331 69 97 129 747 4514 4143 1512 1283 3126 2264 634 591 2366 1824
2432 2053 3207 1037 23 2717 2334 4777 4394 1325 2481 2738 2590 1085 2229 320 2369 68 4807 4553 4300 1616 2514 4568 1371 2143 1505 2275 1900 2671 4090 2427
3264 1030 4556 656 1368 1210 575 1660 1149 1695
1796 1223 2056 2282 205 2350 623 4881 4563 408 2084 3208 2511 925
832 2827 2446 2839 28 2464 417 551 183 184 4288 4675 2887 3147 2124 83 4564 3927 1754 2656 3046 1766 4593 2803 1527 2555
2370 4580 966 3910 2567 1865 978 54 378 3237
3392 4582 3561 119 2478 1874 2835 3925 375 2281 828 3903
4481 214 4586 1806 688 146 213 758 222
4448 2259 4578 4739 934 329 847 3699 1650 275 4597 2358 1690 1563 3230 1919
960 4545 4642 195 33 4649 2951 4109 4348 1724 4050 4499 116 1589 946 506 1787 3836 2522 862 181
2880 1 514 4 517 1606 2380 205 2670 1681 178 2867 4660 1237 1911 4697 543 3900 101
482 676 1383 1705 1386 1004 4976 403 1428 4694 184 3801 255
3074 390 4743 4491 4108 1297 2707 154 2458 3995 922 3620 3078 3079 4915 1215 4544 200 977 2645 3416 1125 1761 2277 2282 4847 248
357 742 169 2573 4081 1746 2169 4767
289 3907 2148 1829 1126 1991 3529 1764 3858 4206 4786 180 1685 3286 2903 409 730 1755 1692 3645 1279
2375 197 2983 63 2699 3783 1269 4982 2265 4794 1019 1882 2981
4795 4071 2856 2985 1559 999 1077 727 1976 4729 1339 988 286
4289 1092 1417 3178 4857 2840 464 4952 73 4185 4600 2756 2394 2058 4735
288 1761 418 4931 902 4871 1706 4876 1583 2269 3028 4598 703 4957 190 426
3840 4097 278 4698 2247 293 43 4916 56 3898 4319 4673 2631 3912 1626 1573 865 1384 4714 3964 638 1535
2498 1163 797 2854 4936 3595 1871 2312 1624 2173
355 3652 421 4230 4584 9 4490 4558 2610 3285 1878 1497 2916 731 671 3157
259 3780 805 492 4044 3343 1497 4602 2653 446
2177 661 412 1437 1221 549 2857 4530 4284 1725 704 449 3138 1477 4428 2253 82 2908 2912 2024 4335 500 1397 3832
1444 2021 3654 1642 2923 2159 4118 1274 3717
2626 4900 2725 4614 1162 4524 3554 3405 4146 4333 2004 2133 1558 1785 696 3892 2692 3978 429
1024 3042 1718 2566 4681 588 1618 4465 1426 1278 3382 2841 3452 830 2869
3107 3464 2730 3469 2031 369 3602 4692 3095 4440 1370 1276 2973 4862
4480 3088 4707 3300 4438 2221 398 2256 2643 1523 2709 4758 2936 4825 3546 186 800
1856 1281 3522 1866 4107 541 4755 1779 4278 3543 3882 4668 4010 3006
1378 310 4900 822 4209 4392 2217 4426 4555 3984 4561 4214 1019 4604 1142 4479
2703 3091 1687 4770 43 1068 431 1850 454 1144 979 1759 4589 3568 4978 1012 376 3323 508 893 1534 3071
1376 1366 4165 3526 1479 3273 2678 943 3032 1396 1845 2390 2328 3899 1861
3040 3201 1795 3428 4742 2248 4970 3467 766 2831 2770 4885 86 4836 2363 1020 1775 2398 821
2818 4931 2788 902 1415 4104 173 174 1519 2225 3523 776 1480 2937 4313 2810 3038 4373
2625 2306 451 612 513 363 1011 2488 1051 4734
2755 3172 2149 713 1387 1586 1454 2607 370 3603 3769 504 787 959 3525
3394 2979 4234 2284 1202 1715 4469 1178 3774 927
4208 421 4934 2503 4552 2603 781 1262 45 880 2161 4374 1431 104 506 3567 604 3613
3105 3003 1701 2897 1353 2826 1260 593 3378 1267 2772 4119 728 4891
1347 1445 3132 1995 460 4075 4317 3544 1241 2074 1084 3226
4419 1028 1253 3431 860 2409 4618 4615 846 2723 661 2390 572 2995 4223
3777 2563 4301 3855 2064 2677 315 4923 559 4245
4704 3456 4802 4068 1185 3146 3559 2796 239 593 416 1108 4021 22 2935 762
2784 674 580 3429 4360 4266 1708 303 4115 2868 3862 1316 1276 650 4671
4071 2856 2985 2775 999 727 1976 4601 1339 988 286
1985 4739 470 1094 3687 3880 124 2283 1452 2894 1330 1268 3797 2518 887 1944 4666 2236 1662 542 4709
3584 3233 3044 39 3498 563 3860 3349 3991 1535
1760 832 195 1189 406 2705 1192 1296 12 974 1072 1416 722 788 2485 4950 856 4954 1777 444
4578 4837 550 1983 936 556 3820 813 2526 47 712 30 1335 728 1109 3807 3023 221 2078 85
704 2454 1794 227 3589 1094 4168 3490 3918 4296 2225 4243 3990 2106 956
961 4281 1636 971 429 1200 1201 2292 4631 2168 1204 2524
2722 4260 261 3433 2154 3810 2065 1970 1396 1813 3844
2587 1762 3811 2660 3660 4970 4684 589 1582 1775 4316 3676 3127 1913 763 4252 638 1311
3200 1250 683 4232 2732 1002 4907 2764 4717 2575 242 323 3189 2614 3703 2138 1052 93 1053
2177 2565 3725 1807 46 923 3740 2206 1819 2596 423 1453 4910 3376 3641 4809 4939 332 591 595 4821 463 87 1115 1130 39 3572 1655 4216
2946 3368 524 236 1901 4016 1180 147 854 3961 1567 3420 2814 1855
769 2502 556 1006 112 4402 4371 2615 4760 1562 2203 250 442
997 230 972 3790 52 441 58 3578 3205
1058 3684 1351 1314 2093 823 3449 3579 1372 62
480 514 67 2534 425 427 533 3959 3423 3644 3229 3327
3232 1072 1189 1416 974 1296 2705 722 1428 406 84 4954 444
96 98 227 836 715 4501 310 2041 4283 411
4544 3620 145 200 3084 2645 2128 1297 2901 1144 154 3803 4508 248 1630 4981
4864 4225 266 141 2962 1428 538 163 676 170 2220 4784 183 184 84 4569 603 3938 1896 1004 3698 765
3107 3336 106 2061 404 982 218 4508 3711
66 4483 3720 2155 333 1038 2605 1147 374 2103 2651 4889 687 3101 2270
1568 3545 1284 2501 1961 3629 366 1712 435 2158 3481 4548 1593
2785 2786 389 2662 4074 2574 1688 2843
3398 104 393 3021 2238 1709 112 1396 4661 1801 3737 4441
2752 483 452 773 3979 3665 3926 2430
576 1732 1548 3731 628 2746 764 509
928 4993 1893 7 520 716 1646 179 2101 1851 2428 2421
4547 3113 2186 1291 4108 3181 654 619 4018 4110 3541 1750 535 1964 3231
683 231 3656 4619 2957 3344 4113 598 1687 536 1338 315 3932 4154 1918 511
1152 2530 4131 3268 390 614 2925 3310 2032 2001 1716 377 1594 59 285 286 3615
3520 737 733 1797 2055 3691 1293 1789 560 849 2003 3808 4344 795 1053
4673 4097 865 3912 4714 43 1837 2318 2032 1626 1535 4249 1402 3898 3964 861 2247 4319
2493 4769 2242 1059 1988 870 4487 3372 207 4611 210 2499 1781 2713 413
832 1537 3266 3371 4484 3657 4747 1634 2926 2125 176 2386 405 1454 2009 4378 2492 914
2689 1832 589 4310 1113 3512 1209 1181
3472 3813 2119 232 1357 270 4559 3952 1141 1749 3670 478 3225 3197 4350 965
1155 3396 1830 1001 1867 43 339 3893 4009 4281 3573 1308 2303
2370 3910 966 2567 1865 1228 4525 978 54 378 1306
2497 4265 3278 4655 2769 4242 2222 2550 1518 2139 3325
1890 424 3369 3788 1615 272 1587 1525 1046 3065
3394 2979 1644 2284 3728 1715 3774 927
896 1673 3726 2191 1680 3347 2972 4765 3614 1057 3874 3877 4390 1195 1581 1971 3128 3259 3262 3778 1732 2641 3289 4594 1275
3843 2342 3942 529 2313 4267 2118 3757 3727 1713 498 1827 3064 4956
1250 323 683 93 4232 2764 4907 2732 4717 3598 2575 1489 242 885 3703 2138 1757
1216 4738 1942 1064 842 343 130 1902 2447 2418 4883 3178 4822 855 2250 4834 3196 349 1349
1808 4066 3590 1638 3401 4311 2028 15 4592 2449 244 2199 3519 2015
2114 227 1061 4102 1288 300 3949 1134 3407 4690 947 118 1435 1950
1651 3283 583 809 138 4844 4621 1585 4626 3507 2260 3989 4086 2591 3161 2010 2175 4863
2562 1925 796 1309 926 1184 930 44 3357 60 573 2374 72 717 336 2392 603 223 228 4968 3314 2552
408 164 2408 171 2511 3216 49 2838 3063 2584 3224 2557
3009 771 3012 2340 2988 3121 2674 4163 89 2521
288 1761 418 4598 3750 703 426 4876 1583 2269 3028 3958 2523 4957 190 159
3968 4958 950 2088 329 555 2668 1454 1336 3123 340 3646 1302 3448 2714 1596 3486 2837
1667 392 2069 4253 162 2212 695 442 1853 191 4803 454 1591 846 4827 3551 608 3299 3174 617 881 116 2809
4032 994 3462 3272 3298 567 1154 4941 3633 1266 1783 760 2777 2874 4111 794
1400 2690 996 2885 1576 1001 1163 4396 4125 209 4805 1683 1524 789 440 1243 3453 3135
4356 904 3986 4376 3353 34 804 4397 4528 3848 3636 4404 850 2634 4042 2898 1098 3029 3549 874 2541 2547
192 4001 3313 3212 4492 3439 3409 3027 1814 3833 347 2685
769 123 2502 556 1006 3695 112 4402 4371 1562 2203 250 3102
636 1250 708 3685 4748 3148 1294 2257 1939 3406 4026 955 3164
768 3650 276 2196 2095 4596 3446 3321 3640 692 379 2589 4222
165 3752 553 2893 1365 343 3418 3167 3391
1828 3318 2920 2185 2696 4781 4845 3441 1652 21 1590 4791 2063 3454
2016 3489 3683 2117 2311 3945 2994 2232 3513
2846 1955 4740 358 102 4648 4420 753 3219 2708 3637 2244 664 3865 120 4963 4442 3518
2273 4617 4202 844 467 303 2352 531 51 4948 185 4351 3292 158 3743
3971 2022 2987 3245 2959 4624 1493 472 875 911 4987 3838 2773
2208 4773 4646 1928 2572 4076 1069 4526 2255 1968 4721 307 2519 3930 252 1822
2144 4128 3781 4493 657 2323 4022 1084 2495
544 4176 2691 4651 940 2031 3536 3057 1719 4314 1756 4862
3458 2852 4616 554 4395 2604 2131 407 2040 2675 2877
706 246 2537 491 3600 3825 2322 4470 1848 3706 4539
4801 450 931 3461 840 4041 4650 1102 2312 1331 4788 757 1271 4297 1883 3804 297 414
2944 2272 1510 1160 2890 1324 4178 2895 2066 4859 2237
132 4870 108 397 1173 1327 4764 3746 2331 2310 1319 1839 4656 1603 4804 209 2650 2402 230 2919 2343 1516 110 3696 4462 1657
1472 3426 867 2599 3532 1730 3470 1805 1265 758 919 3194 3857 1438
4872 4882 3476 4127 3747 1956 42 4015 694 569 3642 31 4541 4803 837 3785 4944 851 4190 1021 4756 1277
2816 2050 3974 21 3100 3871 1058 4783 4273 1593 1338 60 4670 3149 2382 975 4817 3799 4815 4065 745 106 620 3824 4724
1008 775 2092 2109 2192 3315 2068 2007 3352 4883
4865 2371 4998 902 97 4040 714 4587 562 564 4566 2423 3480 3929 507 382 246
4768 4368 4964 1605 518 3432 1577 1367 368 690 3158 3831 4312 217 1305 734
2530 1352 3260 2026 4203 4140 4304 4983 3193 4186 4188 1373
4643 1252 3271 4072 553 951 1229 718 3055 1238 2167 2393 4828 4510
898 1675 388 4229 4521 2635 4908 4653 3180 4914 4780 917 2999 3960 4574 2181
4490 2453 4760 2585 671 421 4647 1968 2610 692 2719 3652 4558 3285 1878 1497 731 355 2916 105 4973 639 3157
64 3008 1475 4199 4904 1609 749 2237 2205 4497 2130 4403 690 4634 2876 1117 963
2978 3364 2917 871 3249 743 496 3569 338 3475 3478 1508 49 1951
2209 3109 4134 1514 3883 13 4494 2578 628 3129 2968 3033 2332 3754 1694
1536 4504 2627 2309 839 104 298 3307 4271 3185 3922 725 726 3575 2776 539 1470 1285
2913 4962 1529 2694 4103 2763 428 1677 527 561 114 3604 1625 2420 1790 1087
1937 3809 1027 2564 705 9 1817 1741 1969 532 3673 212
3585 2628 545 4599 3886 367 3408 2033 3827 788 1271 24 2580 1979 767 199 2864
3840 4673 4097 4550 865 3912 4714 43 1837 4884 2583 3940 3898 1535 3964 1626 2247 4319
1475 4199 4904 1609 4109 749 4403 2611 4056 4634 2876 2205 963
256 3011 4517 1575 4702 115 4436 2494 503 1016 857 570 3924 701 3806 4148
4896 2879 355 3301 582 77 430 3213 765 849 402 3715 214 4984 3417 655 892 4637 3678 1023
4512 4258 2402 3365 486 1447 107 4162 4334 269 4498 4692 1111 2146 2500 1435 3388 1917 2622 3845
4323 2227 552 3946 1035 2414 175 816 1619 1251 4212 2806 4855 3835 2491 3902 2655
4449 1218 259 1075 2178 3655 1448 1129 2347 4877 334 4909 2609 4339 372 3529 2931 135 1949 247
3074 390 3079 4491 4108 2707 3093 2458 3995 922 4998 4915 2105 1215 3524 977 3416 3934 1125 2277 2282 3564 3583
3616 2881 2819 2278 1414 3815 1363 3895 4463 4849 3488 4949 1123 4439 1560 2811 4636 3320 4479
4992 3648 204 3176 937 4106 812 3150 1295 4372 853 3414 4233 2072 148 3709 3136 4693
799 3010 3621 1542 3592 1257 3277 3887 1809 537 4473 168 3823 4638 1823
512 642 1459 4516 741 4902 3753 3819 1997 3822 4623 3634 4595 756 983 2020 732 4905
3744 1440 2754 4899 2757 3802 3468 1706 620 557 2765 4496 4293 3060 634 4347 698 2974 2559
4160 4961 1506 806 3690 2635 4814 4720 4824 50 2387 980 3632 1912 250 59 3517 3710 479
1120 900 1782 1735 1835 4807 497 1938 2132 3669 3350 1916 4149 2910 1989
121 2967 1441 4644 3889 1710 945 438 695 1849 1345 2373 2489 689 1503 4576 3306 1003 4972 2932 4985 4858
546 1215 3333 4583 1194 1387 4674 2542 4816 3473 3975 3031 3002 2619 4831 4037
2337 1922 2467 3076 486 4166 3338 3179 3980 4610 3215 624 1378 3395 1430 1081 4697 281
1232 66 2339 3718 103 298 683 2727 1360 2529 4874 597 503 3384 4667 796 2570 3870 319
4448 1563 3699 4101 2259 329 3686 847 1650 275 1620 1429 2582 934 2358 3230 1919
2112 4897 4294 369 648 4361 4812 3661 4464 4145 4318 3735 1656 3354 830 4405
2176 929 4994 2179 3493 1511 2792 3863 4911 4336 229 2451 3956 3191 1592 1369 4922 4279 3319
772 4357 3078 4744 4236 1050 2588 2336 549 817 2365 4341 4928 3267 3016 469 4570 1504 3434 3445 2170 2751 124 125
3588 3081 2698 1422 4885 918 1698 3722 4533 4790 698 1725 1461 1974 4934 202 3919 1106 4051 3812 1767 2029 4591 1397 2039 2812
129 4059 4164 285 3591 3786 2817 3035 1885 1328 3442 3457 4757 3896 3482 1883 1468 3901
4867 261 653 144 17 2326 3908 797 4741 3494 3879 299 3119 4917 962 3140 4039 1096 4946 4696 4958 237 1394 4603
4000 4992 1859 2308 4613 262 3623 1032 3977 2155 3916 3312 401 1138 2166 2473 4953 666 3387 1018 3775
4193 4033 933 2086 4417 4969 1547 4461 1999 4241 83 3606 90 2291 2366 4287
4745 4772 421 2855 4136 3884 4269 3955 4024 4282 4030 319 78 4432 4947 596 726 606 4329 4204 4211 885
1344 993 4418 4731 996 19 1607 3976 3465 4715 991 1679 4435 3511 896 2073 4183 2459 4343 2397 2943
2075 3479 4966 3878 1193 4875 3471 3666 2515 4789 3849 57 3258 4027 538 4057 2750
3904 1442 1947 2437 4486 3911 3438 1263 16 3539 4244 4213 631 4879 3227 3422 4543
66 3491 2246 231 616 1673 3787 3087 952 1187 3928 2111 2301 2302 1727
3970 3331 2532 1158 1767 908 2538 4235 492 4930 429 3120 4367 1324 1816 473 155 3965 4094 2367
2338 4068 965 3622 3303 2664 682 3435 1900 2862 3888 4850 4398 4679 728 4025 2970 3131 1436 4117
640 385 1540 4751 4752 534 1945 3332 2210 4003 1066 3627 4527 4406 3772 4295 2377 4943 1491 3800 3828 889 4730 380
4195 711 3436 11 3340 2829 4974 432 3089 658 3187 2036 693 4754 3288 4590 4433 1375
2731 40 4457 1099 3852 4013 3246 2767 2736 4177 1731 4247 122 4687 4860 3421 3550 3455
2314 663 274 3223 668 3607 1994 4414 1599 3782 4170 4437 4825 4443 2396 4706 1765 4838 4455 2409 4971 4079
1666 267 4364 2317 1039 1571 4645 4006 4407 1598 4853 580 3013 3528 4305 2659 3682 1763 3560 636 4843 4989 1520 4926 2172 4349
779 4453 3558 4138 4363 621 526 48 3762 3444 2891 568 4180 1242 660 4477 2558 4629
4224 4322 3269 2949 2407 3944 4839 3542 1678 3375 4328 4083 2798 854 950 408 986 2287 3950 4607
4996 2950 1419 2828 4881 4630 665 2457 3114 3500 305 1466 4935 4620 2766 3281 736 4710 3921 4092 3943 4220
391 2954 524 669 545 3748 3496 4274 4787 3509 201 312 3130 4800 4929 4292 4937 3020 3917 2137 3557 2801 498 633
