30 85 221 550 556 728 1109 1335 1983 2078 2526 2658 2745 3023 3694 3807 3820 4578 4837
235 871 946 1519 1649 1801 1933 2108 2859 3052 3070 3601 3723 4093 4246 4443 4495 4774 4869 4918
167 632 716 923 1012 1118 1166 1185 1262 1421 1517 1538 1600 1648 1795 1858 1893 2008 2019 2198 2336 2380 2403 2516 2595 2743 2848 2990 3047 3086 3205 3223 3511 3537 3578 3599 3633 3812 4020 4191 4260 4495 4632 4802 4816 4869 4878 4977
117 730 1126 1279 1654 1685 1692 1764 1829 1991 2148 2485 2903 3286 3529 3540 3639 3645 3812 3858 3907 4155 4206 4411 4766 4786
1248 1249 1990 2697 2770 3073 3540 3631 4116 4447 4755
84 223 494 1000 1216 1458 1665 1972 1981 2047 2077 2133 2137 2392 2420 2714 2995 3026 3724 3938 4040 4045 4080 4093 4182 4298 4333 4454 4708 4784
55 143 308 329 604 655 677 726 876 880 928 942 1290 1385 1409 1620 2102 2316 2454 2744 2752 2800 2904 2925 2958 3017 3056 3106 3302 3397 3639 3712 3782 3792 3969 4122 4136 4264 4265 4511 4532 4658 4701 4703 4861 4973
31 297 692 976 1062 1306 1408 1465 1771 2527 2725 2842 3450 3548 3610 3717 4114 4142 4173 4748 4755
51 110 348 658 1533 1785 1825 1893 2343 2349 2361 3828 3918 4056 4359 4525 4833
43 447 1001 1084 1155 1308 1600 1830 1867 2303 3010 3160 3396 3573 3893 4009 4023 4168 4281 4315 4395 4493 4586 4715
75 193 215 313 481 996 1009 1178 1314 1498 1611 1625 1702 1880 2134 2184 2210 2240 2443 2759 2870 3018 3408 3966 4028 4263 4383 4427 4565 4682 4726 4782
162 861 1505 1969 2067 2143 2275 2369 2514 2733 3092 3207 3770 3810 3864 4036 4090 4259 4297 4300 4306 4394 4553 4568 4777 4781 4807
683 720 871 946 1110 1125 1153 1188 1348 1768 1828 2890 3111 3341 3941 4115 4158 4179 4401 4447
456 468 781 1023 1028 1309 1320 1473 1714 1822 1998 2025 2335 2405 2743 3237 3297 3758 3800 3861 4049 4142 4189 4251 4580 4816 4983
159 793 1186 1280 1490 1613 1658 1733 1873 1984 2089 2194 2637 2873 3232 3388 3505 3579 3658 3698 3901 4091 4149 4196 4445 4942 4952 4987
576 893 1179 1273 1402 1412 1612 1879 2087 2268 2571 2658 3374 3524 3723 4126 4509
77 214 355 402 430 582 655 765 849 892 1020 1023 2669 2879 3213 3301 3417 3678 3715 4637 4896 4984
1491 1492 1495 1876 2120 2851 2974 3203 3693 3731 4085 4355 4422 4456 4695
188 842 878 962 1219 1346 1398 1496 3380 4096 4254
395 814 943 1076 1205 1366 1376 1396 1479 1845 1861 2328 2390 2526 2678 3032 3235 3273 3337 3526 3864 3899 4165 4691 4935
656 1191 1610 1770 2017 2183 3053 3086 3444 4130 4338 4847
59 187 286 390 614 661 1152 1594 1716 1720 1879 1913 2001 2032 2189 2296 2386 2530 2925 3102 3268 3274 3310 3452 3615 3947 4131 4281 4372 4424 4527 4575
76 656 815 868 1052 1230 1358 1494 1579 1942 2163 2397 2608 2991 3056 3117 3168 3192 3447 3509 3556 3710 3788 3905 4276 4549 4691 4708 4927 4955
235 343 680 882 979 1647 2045 2735 3521 3679 4142 4158 4995
86 142 228 687 766 821 906 920 1020 1349 1700 2032 2248 2363 2398 2733 2770 2831 2997 3040 3201 3276 3428 3434 3467 3745 3770 3833 3845 3927 4116 4398 4453 4457 4564 4672 4742 4836 4885 4940 4970 4991
42 506 639 801 1463 1505 1817 1830 1943 2200 2742 2802 2873 3106 3296 3512 3937 3948 4055 4388 4424 4665 4842
161 696 793 821 1569 2076 3308 3328 4175 4572 4618 4848 4889
19 330 1069 1139 1454 1747 2722 3094 3992 4775
215 640 938 1067 1390 1884 1915 1917 2454 2573 2605 2886 3020 3171 3637 3750 3820 3881 4196 4875 4893 4972
460 681 1084 1194 1241 1347 1445 1995 2074 2192 2469 3117 3132 3226 3533 3544 3617 3649 3990 4075 4137 4168 4317 4546
305 726 2011 2128 2344 2531 2545 2672 2744 2861 2971 3171 3280 3451 3667 3668 4084 4270 4485 4577 4729 4825 4925
105 431 550 578 847 1434 1703 2442 2461 2548 2607 2719 2933 3792 4005 4401 4478 4607 4774
57 488 670 721 731 1240 1320 1393 1451 1635 1981 2090 2165 2628 2850 3232 3285 3424 3443 3514 3580 3816 3904 4194 4408 4499 4789
101 189 340 466 484 604 640 738 790 973 1690 2913 2948 3240 3464 3482 3537 3619 3755 3875 3908 4261 4385 4506 4572 4766
143 678 986 1055 1112 1165 1206 2914 3011 3297 4651 4728
142 584 1126 1365 1389 1891 1998 2594 2891 3071 3295 4826
280 455 1106 1231 1366 1482 1671 1898 2372 2820 2905 3222 3307 3961 4231 4769 4819 4967
6 890 1312 1350 2143 2496 2774 3067 3540 4365
401 581 601 1018 1186 1372 1391 1606 1648 1928 2042 2094 2132 2304 2336 2384 2579 2780 2782 2800 2861 2940 3030 3359 3370 3474 3483 3509 3550 3838 3936 3954 4078 4121 4297 4327 4366 4451 4618 4767 4895 4987 4992 4997
117 161 1227 1647 1804 1858 2482 2533 2616 2847 2922 3386 4052 4067 4488 4777 4887 4888
178 550 677 1273 1315 1337 1850 2060 2248 2378 2586 2618 2768 3092 3170 3614 4096 4161 4168 4283 4434 4557 4675 4865
157 429 696 1162 1558 1785 2004 2133 2530 2626 2692 2725 3220 3405 3524 3554 3779 3892 3978 4013 4123 4146 4221 4277 4333 4391 4508 4524 4614 4900
170 226 231 346 353 505 600 603 637 1049 1063 1122 1480 1547 1610 1857 1926 1971 2359 2636 2661 2684 2743 2776 2874 3096 3174 3189 3308 3339 3404 3505 3687 3766 3780 3992 4027 4105 4127 4354 4520 4597 4683 4700 4966 4999
123 580 595 667 955 1071 1078 1174 1320 1333 1393 1420 1709 2079 2102 3203 3237 3257 3611 3626 3870 4020 4475 4551 4767 4793 4891
75 548 689 721 922 1366 1676 1818 1914 2126 2143 2279 2354 2652 2719 3036 3094 3580 3752 3793 3822 3954 4064 4272 4320
296 458 565 932 1179 1929 2084 2207 2670 3736 4028 4940 4991
66 333 374 397 511 531 680 687 1038 1053 1147 1315 1354 2103 2155 2250 2259 2270 2398 2482 2605 2651 2952 3101 3720 3896 3936 3941 4483 4578 4678 4757 4889 4946 4951
1539 1797 2062 2231 2525 2724 3611 4277 4421 4440 4708 4842
910 1170 1896 2251 3587 3685 3862 4019 4145 4366 4429 4550
163 183 807 961 1146 1391 1753 1926 2108 2834 2933 3605 3927 4048 4153 4538 4864
139 176 254 352 356 410 801 897 967 1104 1243 1267 1440 1519 1819 2034 2243 2352 2455 2673 2702 2841 2865 2919 3191 3192 3202 3312 3363 3531 3560 3578 3693 3772 3813 3935 4152 4270 4384 4413 4452 4475 4612 4662 4713 4821 4864
221 519 560 729 733 737 795 849 1053 1230 1293 1378 1443 1756 1789 1797 1950 2003 2055 2577 2580 2638 2639 2816 2836 2866 2879 2927 3029 3135 3297 3304 3520 3688 3691 3808 4059 4179 4288 4344 4386 4462 4470 4496 4501 4542 4651 4796 4870 4896
43 861 865 1402 1451 1535 1626 1837 2032 2247 2318 2583 2636 2687 2787 2874 3840 3898 3912 3940 3964 4097 4249 4259 4319 4550 4673 4698 4714 4846 4884 4916
101 254 707 1190 1346 1391 1952 2602 2789 2836 2872 2961 3017 4806
122 215 327 633 2013 2795 3370 3953 4244 4429
170 266 538 765 1896 2220 3698 3938 4225 4569 4784 4864
578 1774 2038 2240 2322 3034 3051 3415 3459 3564 3836 3966 4094 4515
304 316 455 605 615 1001 1338 1425 1674 1685 1810 1815 2096 2343 2597 2850 2990 3068 3070 3112 3214 3250 3584 3587 3605 3737 3817 3974 4087 4132 4178 4409 4499 4688 4872 4888 4901 4988
390 922 977 1125 2105 2266 2277 2282 2458 2707 3074 3079 3093 3416 3524 3564 3583 3934 3995 4108 4491 4671 4743 4847 4915 4998
55 452 483 773 1319 1647 2239 2410 2430 2676 2752 3581 3665 3926 3979 4050 4582 4779 4784
126 433 491 674 791 1245 1489 1729 1774 1784 1895 1905 1962 2577 2938 3098 3115 3940 4427 4472 4666 4718 4750
303 1966 2045 2248 2302 2425 2592 2956 3112 3165 3862 4330
61 88 211 549 655 1104 1221 2037 2780 2805 2899 3410 3947 4087 4967
227 704 956 1028 1094 1794 2106 2225 2454 2588 2785 2885 3253 3490 3589 3611 3918 3990 4168 4243 4296 4400 4612 4616
145 589 956 1114 1319 1502 1512 1849 1920 2071 2096 2368 2410 2447 2744 2824 2899 3041 3156 3291 3581 3759 4330 4370 4387 4434 4777 4983
231 315 511 536 566 598 683 1231 1338 1421 1687 1918 2103 2534 2741 2957 3117 3344 3356 3523 3656 3698 3795 3932 3954 4077 4113 4154 4218 4571 4619 4802 4954
108 110 132 174 209 230 397 562 1173 1319 1327 1478 1499 1516 1603 1657 1659 1789 1839 1850 2096 2310 2331 2343 2402 2529 2587 2650 2711 2919 2954 3396 3696 3724 3742 3746 3879 4082 4188 4275 4414 4436 4462 4470 4656 4764 4804 4870 4916 4924
136 339 447 729 941 1115 1286 1364 2176 2263 2292 2500 3133 3297 3480 3531 4045 4277 4502 4862
65 395 415 536 899 1095 1490 1647 1663 1920 2108 2146 2484 2536 2795 3049 3102 3294 3378 3514 3565 3667 3682 3864 3871 3939 4056 4076 4127 4236 4481 4485 4588 4779 4794 4965
593 619 632 956 987 1053 1177 2588 3268 3330 3373 3379 3434 3696 3816 4321 4389 4456 4571 4694 4870
385 792 1670 1826 2164 2233 2247 2325 2507 2882 3729 3968 4244 4330 4337 4855
157 298 483 582 640 906 931 941 1180 1196 2149 2454 2561 2735 2836 2939 3268 3557 3931 4601 4677 4913
137 475 735 841 1269 1377 1826 1827 1980 2191 2421 2497 2605 2658 2774 2782 2817 3043 3080 3206 3234 3365 3385 3692 3969 4434 4526 4785
163 170 544 940 1719 1756 2691 3057 3536 3896 3909 4150 4176 4314 4484 4651 4862
19 87 183 232 276 390 478 763 1188 1221 1293 1636 1867 2315 2449 2724 2771 3015 3116 3204 3300 3568 4496 4597 4682 4719 4789 4859 4868
64 109 280 645 953 1060 1224 1318 1465 1658 1739 1983 2686 3254 3340 3689 3888 4119 4142 4338 4474
175 645 793 1579 1888 2159 2184 2693 3184 3335 3527 3834 4169 4217 4320 4347 4739
139 184 255 403 482 500 590 629 676 715 1004 1190 1383 1386 1428 1705 2182 2247 2283 2319 2445 2669 2824 2939 3046 3335 3352 3502 3719 3733 3801 3831 3833 3857 4077 4171 4379 4478 4493 4625 4694 4864 4893 4939 4976
458 846 935 1246 1887 2758 2982 3062 3115 3138 3208 3351 3527
688 1205 1316 1693 1886 2356 2555 2782 3000 3068 3566 4340 4515 4716
264 782 879 1078 1502 1527 1553 1644 1717 1761 1850 2369 2533 2689 2711 2740 2771 2900 2996 3017 3109 3333 3451 3504 3701 4077 4369 4736 4766
397 473 556 625 635 740 789 897 1023 1024 1062 1162 1271 1328 1461 1492 1657 2033 2134 2383 2428 2758 3143 3268 3306 3484 4187 4590 4694 4867 4993
392 406 445 1458 1925 3362 3385 3796 4036 4155
292 427 803 1318 1933 1975 2122 2260 2334 2754 2774 2939 2947 3004 3397 3625 3826 3868 4257 4633 4828
751 920 963 1185 1222 1323 1398 1526 1593 1769 2225 2420 2587 2595 2608 2614 2640 2781 2800 2801 2848 2890 2905 2980 3190 3205 3242 3296 3412 3444 3580 3629 3705 3796 3861 3866 3964 3973 4017 4377 4531 4633 4711 4871 4878 4880 4891 5000
44 834 841 1543 1728 2411 3022 3254 4285 4532 4672
925 967 1796 2056 2084 2350 2511 3182 3208 3838 3937 3978 4354 4563 4881
14 256 690 831 1488 1904 2094 2164 2934 3305 3545 3749 3892 3905 4147 4715
141 147 434 462 1230 2077 2341 2487 2500 2594 2772 2787 2809 2817 2962 3149 3487 3637 3638 3876 3969 4249 4368 4502 4784 4952 4985 4993
108 361 1626 2174 2613 2676 2778 3442 3485 3515 3684 3729 4098 4150 4473 4981
161 495 1374 1388 1400 1702 1711 2523 2821 2911 3066 3345 3612 4217 4324 4560 4819 4933
277 1043 2139 2555 2637 3408 3499 3566 3779 3980 4130 4191 4454 4515
55 87 129 133 209 308 650 776 784 822 1110 1161 1226 1251 1272 1354 1377 1425 1446 1626 1810 1812 1833 2368 2394 2556 2676 2759 2782 2942 3214 3262 4043 4126 4303 4680 4872 4932
1 517 543 1224 1237 1461 1606 1911 2380 2867 2899 2918
22 221 239 416 562 588 593 695 762 976 1108 1180 1185 1250 1463 2229 2304 2482 2653 2796 2872 2935 3146 3241 3356 3456 3517 3558 3559 3583 3793 3806 3863 4021 4065 4068 4129 4135 4163 4188 4446 4453 4573 4625 4637 4704 4785 4802 4981 4998
51 100 103 143 228 253 255 298 365 544 592 1005 1358 1377 1869 2187 2234 2388 2532 2582 2654 2678 2770 2798 3078 3359 3502 3601 3750 3776 3799 3861 3934 4112 4144 4179 4399 4441 4650 4660 4770 4951
39 87 463 595 923 1655 1807 1819 2177 2720 3295 3641 3725 3740 4216 4809 4821 4910 4939
39 72 349 600 1094 1247 1248 1365 1420 1538 1578 2094 2261 2286 2461 3015 3083 3203 3295 3492 3599 3716 3803 4036 4044 4218 4286 4362 4509 4562 4669 4852
69 548 1149 1201 1248 1465 1482 1521 1810 1881 2061 2314 2385 2389 2900 2971 3557 3629 3830 4385 4557
371 492 939 1094 1153 1421 1625 2917 3374 3537 3566 3668 3746 3779 4159 4584 4699 4846 4873 4936
1032 1458 2090 2391 2682 3148 3866 4285 4725 4992
190 475 490 518 542 629 671 992 1141 1221 1364 1407 1483 1704 2070 2094 2110 2309 2728 2933 3059 3174 3263 3275 3287 3293 3399 3688 3740 3792 4045 4128 4326 4464 4647 4735 4763 4839 4883 4920
636 708 955 1250 1294 1604 1939 2257 3148 3164 3367 3406 3685 3757 4008 4026 4034 4119 4331 4478 4554 4748
3 124 132 443 488 510 691 965 1149 1323 1372 1378 1408 1643 1784 1789 2006 2028 2114 2307 2429 2555 2579 3085 3170 3286 3337 3361 3381 3385 3411 3418 3509 3633 3672 3702 3704 3736 3759 3841 3847 3949 4271 4280 4286 4368 4495 4505 4613 4806
4 101 178 517 756 1147 1681 1877 1922 2277 2339 2534 2670 2728 2880 3223 3900 3996 4121 4129 4660 4697 4749 4766 4826 4935
50 210 548 647 1161 1513 1517 1526 1537 1748 1786 1984 2324 2391 2738 2791 3228 3361 3367 3441 3502 3714 3734 4054 4132 4159 4216 4383 4467 4526 4579 4723 4832 4955
142 651 843 1249 1574 1676 1745 1907 1912 2071 2342 2520 2696 2851 2929 3064 3463 3637 3643 3672 3863 3934 4469 4496 4840
49 58 338 496 743 871 1210 1508 1747 1753 1951 2845 2917 2976 2978 3249 3364 3475 3478 3569
116 162 191 392 442 454 608 617 695 881 946 1179 1591 1667 1853 2028 2069 2076 2212 2299 2447 2459 2809 3174 3299 3323 3551 3628 3849 3963 3987 4013 4189 4202 4253 4803 4827
250 739 1174 1535 1701 1888 2532 2561 2606 2682 3254 3257 3333 4173 4264 4437 4851
299 402 412 638 1100 1628 1701 1793 2049 2351 2361 2417 2553 2608 2661 2692 3601 3624 3731
283 562 1953 2002 2104 2660 2752 2845 2974 3211 4375 4377 4445 4606 4840
123 650 1090 1327 1333 1438 1468 1517 2137 2250 2318 2586 2629 2976 3024 3073 3362 3690 3711 3733 3906 4132 4268 4628 4654 4877 4936
516 623 1171 1223 1842 2282 2617 3040 3380 4382 4452 4453 4881
82 87 267 270 412 449 500 549 661 704 781 1397 1437 1438 1477 1725 1928 2024 2177 2253 2327 2507 2669 2676 2738 2857 2908 2912 3031 3060 3106 3138 3192 3328 3436 3569 3667 3793 3832 3846 4284 4335 4413 4428 4445 4462 4530 4627 4910 4934
107 269 486 712 1095 1111 1112 1243 1435 1447 1458 1535 1917 2023 2146 2402 2500 2622 2748 3365 3388 3530 3551 3845 4014 4085 4162 4258 4334 4352 4369 4498 4512 4661 4692 4933
1197 1203 1999 2133 2300 2366 2411 2682 3051 3679 3728 3906 4264 4320 4475 4692 4949
499 633 738 833 1682 1751 2391 2829 3055 3056 3200 3329 3396 3441 3529 3599 3681 3689 3742 3937 3999 4044 4078 4124 4228 4257 4293 4421 4433 4510 4733 4762 4889 4900
172 240 331 889 909 963 1190 1482 1758 1837 2034 2035 2074 2310 2376 2539 2564 2583 2611 3096 3236 3580 3582 3632 3737 3771 3861 4200 4210 4238 4251 4375 4391 4495 4519 4527 4625 4657 4746 4770 4819 4918 4919 4940 4998
95 130 170 448 687 851 932 993 1062 1090 1240 1282 1353 1407 1530 1701 1757 1771 2254 2388 2448 2513 2514 2648 2723 2953 3261 3562 3574 3662 3926 3993 4220 4309 4501 4605 4628 4677 4689 4842 4966 4986
1 84 190 255 539 652 679 959 1091 1175 1216 1249 1393 1429 1450 1536 1551 1909 2159 2184 2424 2539 2776 2798 2836 3011 3259 3321 3558 3870 3888 3913 4198 4353 4391 4414 4450 4503 4554 4625 4632 4728 4778 4970 4998
194 441 625 635 675 838 1000 1108 1153 1308 1527 1700 2457 2551 2706 2743 2802 2807 2913 3059 3149 3330 3553 3810 3890 3918 4056 4567 4575 4680 4829
436 662 899 1151 2933 3093 3134 3304 3480 3697 3962 4513
45 211 545 595 623 824 832 1065 1355 1361 1465 1669 1948 2592 2648 3643 3931 4184 4455 4563 4910 4983
174 496 808 1201 1603 1820 2000 2298 2452 2606 2729 2853 2860 2937 3089 3885 3904 4255 4622 4834 4887
205 254 377 576 652 871 941 1143 1171 1702 2380 3160 3537 3594 3923 3993 4159 4206 4542 4771
268 814 1042 1211 1270 1604 2164 2234 3377 3729 3981 4038 4347 4424 4601 4674
71 401 608 729 1226 1276 1476 1598 1704 1791 1864 2023 2038 2249 2413 2443 2477 2759 2815 2934 2965 2971 3058 3076 3400 3512 3782 3876 3981 4033 4175 4510 4622 4661 4669 4798
109 438 447 511 665 820 1477 1486 1641 1877 2135 2198 2298 2322 2354 2504 2617 2794 2818 2917 3039 3084 3253 3564 3614 3694 3817 3894 3954 4240 4255 4507 4908
548 629 744 763 1236 1700 2087 2187 2189 2235 2245 2253 2523 2958 2997 3199 4156 4349 4362 4471 4683 4873
14 50 164 1230 1257 1500 1676 1760 2271 2348 2401 2426 2506 2552 2903 3023 3038 3328 3388 3570 3709 3865 4039 4123 4151 4481 4482 4603 4771 4967
41 536 558 797 964 1153 1336 1617 1722 1787 1861 1933 2114 2446 2657 2822 2914 3139 3241 3279 3650 4039 4061 4075 4216 4257 4270 4329 4569 4705 4767 4826 4875 4955
339 352 354 590 742 769 835 1157 1502 1598 2077 2192 2305 2506 2689 2902 3038 3118 3367 3388 3467 3759 3780 3890 4035 4293 4398 4665 4677 4792
180 409 1755 1773 1971 2294 2330 2351 2918 3209 3284 3529 4017 4062 4156 4206 4473 4594 4603 4689 4821 4990
147 236 524 711 782 854 1180 1567 1855 1901 2814 2946 3126 3170 3332 3368 3420 3572 3583 3961 4016 4260 4446 4464
684 802 1073 1545 1872 1929 3038 3116 3451 3513 4147 4171 4255 4546 4623 4654
41 205 402 632 780 1306 1629 2344 2512 2621 2648 4031 4149 4628 4660
136 185 570 587 1135 1737 1786 2067 2076 2105 2136 2277 2630 2984 3141 3208 3973 4058 4093 4112 4210 4315 4411 4422 4828 4873
896 1195 1680 1732 1971 2191 2594 2614 2641 2812 3128 3259 3262 3289 3347 3614 3618 3667 3877 4390 4594 4765
1054 1250 1410 1467 1567 1742 1848 2087 2435 2978 3059 3449 3572 3974 4109 4525 4635 4649 4669 4952
100 309 431 614 928 986 1435 1532 2024 2076 2164 2507 2663 2682 2720 3235 3271 3336 3647 4472 4565 4573 4807
610 731 1530 1533 1798 2327 3049 3789 3840 3969 4225
80 132 670 1203 1340 1376 1591 1602 2121 2271 2411 2990 3420 3697 3826 3961 4443
93 201 242 323 683 885 1002 1052 1053 1250 1415 1489 1757 2138 2305 2575 2614 2636 2670 2732 2764 2810 2927 3189 3200 3294 3323 3598 3631 3692 3703 3713 4069 4100 4172 4184 4232 4536 4577 4717 4906 4907 4959
9 355 421 639 671 692 731 1280 1497 1878 1968 2453 2585 2610 2611 2719 2733 2889 2916 3157 3285 3424 3474 3652 3924 4230 4490 4558 4584 4647 4663 4760 4973
253 516 630 843 1157 1208 1287 1565 1785 2132 2158 2176 2197 2211 2707 2898 3014 3018 3091 3204 3355 3407 3696 3757 3907 4028 4430 4484 4510 4534 4722 4796
109 236 468 695 1076 1501 1953 2185 2388 3109 3211 3551 3587 4137
796 1159 1199 1611 1740 2321 2361 2384 3738 3749 4121 4239 4663 4753 4779
281 486 624 651 1016 1081 1182 1286 1378 1386 1430 1751 1852 1922 2337 2398 2467 2516 3032 3076 3179 3200 3215 3338 3395 3649 3980 4166 4198 4538 4610 4697 4762 4888
159 161 525 1131 1766 1825 2035 2359 2531 2536 2698 3062 3851 3907 4151 4156 4485 4894
369 580 880 1091 1107 1118 1286 1483 1690 2573 2713 3158 3179 3228 3340 3469 3568 3762 3771 3846 4146 4430 4555 4570 4973
189 591 641 1067 1512 1982 2113 2366 3055 3126 3420 4143 4147 4244 4514 4546
106 145 154 200 248 354 884 1144 1297 1630 1773 2128 2645 2901 2995 3078 3084 3111 3523 3620 3803 4062 4123 4340 4508 4544 4658 4660 4847 4981
20 252 349 504 508 795 1201 1399 1557 2137 2158 2673 2678 2725 3071 3092 3404 3528 3682 4101 4945
30 310 395 536 622 885 1071 1114 1396 1420 1903 2118 2267 2364 2372 2387 2399 2461 2464 2480 2533 2771 2887 2937 3386 3682 3701 4174 4182 4500 4596 4820
354 450 466 601 665 778 846 1048 1143 1374 1381 1640 1683 1759 1873 1903 1915 2012 2035 2166 2210 2234 2615 2741 2808 2963 3040 3182 3332 3362 4126 4252 4307 4434 4689 4803 4921
425 427 480 520 533 780 1337 1374 1680 2202 2448 2534 3229 3259 3327 3423 3644 3714 3959 4156 4248 4676
505 710 932 955 1019 1237 2184 2277 2318 2494 2531 2540 3190 3218 3643 3729 3734 3740 3915 4191 4201 4389 4485 4568 4833 4852
12 195 832 856 1192 1760 1777 2485 4256 4950
49 201 312 364 391 498 524 545 633 669 1283 1381 1407 1739 1896 1952 2137 2177 2441 2801 2869 2954 3020 3130 3347 3496 3509 3524 3557 3680 3748 3917 4082 4144 4274 4292 4316 4355 4685 4765 4787 4800 4929 4937
436 519 628 740 896 1137 1652 1828 3528 3681
397 969 1295 1456 1515 1570 2742 2844 3142 3160 3577 4114 4196
782 1200 1455 1572 2087 2569 2780 3026 3049 4144 4155 4380 4542
189 792 889 1752 1827 2613 2684 2692 2761 3061 3118 4157 4561 4632 4685 4886
436 2356 2431 3134 3360 4061 4271 4456 4659 4759
84 132 260 469 722 974 1055 1296 1428 3936 4385 4652 4676 4954
211 864 1342 2839 3045 3053 3254 3294 3645 4633 4796
65 251 265 438 516 521 1078 1131 1247 1400 1508 1659 1965 1972 1984 1992 2089 2110 2160 2302 2606 2656 2866 2954 2996 3125 3153 3222 3501 3545 3697 3816 3817 3826 3846 3993 4211 4237 4310 4327 4365 4440 4471 4482 4561 4640 4759
371 1082 1101 1342 1847 2180 2545 2679 3639 4114 4163 4316 4973
207 738 881 891 1080 1415 1768 1796 1799 1812 2132 2427 2508 2516 2521 2580 3239 3270 3411 3550 3581 3597 3645 3701 3914 4048 4286 4346 4476 4514
208 306 547 795 1102 1147 1729 1820 3477 3552 3926
21 175 430 499 780 1382 1496 1546 1863 1876 2149 2629 3019 3188 3489 3572 3701 3920 3950 3963 3966 3987 4047 4250 4340 4608 4661 4865 4885 4945
448 803 1683 2069 3096 3501 4698 4771 4887 4901 4920 4990
202 604 698 918 1106 1108 1422 1461 1505 1698 1767 1812 1950 1974 2029 2039 2047 2166 2482 2496 2635 2666 2673 2698 2812 2898 2995 3081 3454 3588 3722 3812 3919 3963 4051 4055 4227 4441 4478 4533 4591 4760 4790 4803 4816 4885 4891 4916 4934
376 385 627 634 1016 1195 1337 2446 2464 2656 2803 2827 2972 2997 3046 3126 3927 4002 4288 4564 4602 4675 4786 4975
142 289 373 520 830 845 1052 1328 1383 1593 1852 1909 2050 2290 2428 2602 2618 3179 3197 3276 3286 3361 3373 3480 3742 3791 4138 4186 4262 4871 4993
58 60 185 443 500 637 948 975 1576 1818 1895 2054 2471 2845 3521 3773 3794 3821 3830 4061
28 551 832 2230 2431 2464 2839 4194 4593 4851
136 143 412 606 908 1499 1613 1926 2271 2613 2614 2754 3104 3466 3612 3664 3697 3854 3958 4038 4059 4194 4340 4369 4595 4627
51 158 185 303 467 531 844 1131 1257 1704 1833 2273 2352 2431 2687 2785 3076 3292 3442 3514 3743 3823 3834 4088 4202 4351 4379 4387 4617 4715 4834 4868 4869 4871 4906 4948
439 504 841 851 1101 1150 1280 1551 1680 1720 1862 2193 2728 3234 3437 3510 3852 4306 4377 4450 4508 4659
92 205 238 318 367 750 907 1261 1274 1364 1461 1758 2130 2145 2153 3055 3210 4019 4896
270 340 478 965 1141 1286 1357 1421 1716 1749 1876 2042 2119 2352 2382 3068 3197 3200 3225 3400 3417 3465 3472 3577 3670 3813 3888 3952 4025 4306 4324 4350 4436 4513 4559 4639 4775 4782 4870 4979
649 782 810 1161 1214 1311 1323 1383 1595 1669 1872 2197 2295 2483 3085 3718 3738 4935
429 961 971 1054 1200 1201 1204 1318 1636 1953 2168 2275 2292 2401 2524 2818 3015 3054 3104 3710 3896 3935 3941 4150 4281 4322 4569 4631 4938
124 125 242 469 500 549 772 817 1019 1050 1504 1508 1705 1768 1972 2170 2336 2365 2368 2577 2588 2751 2775 2827 2853 3016 3078 3267 3415 3434 3445 3469 3569 3650 3812 3868 4178 4184 4236 4294 4308 4341 4357 4473 4556 4570 4744 4750 4892 4928
711 998 1115 1424 1489 1721 1767 2060 2982 3265 3345 3365 4762 4920
95 187 299 538 716 856 1011 1063 1110 1147 1162 1190 1356 2067 2152 2271 2272 2289 2442 2465 2486 2583 2602 2866 2910 2943 3007 3046 3184 3258 3352 3477 3789 4124 4177 4192 4210 4369 4381 4489 4539 4563 4645 4809 4959
104 112 393 842 1396 1709 1801 1825 1940 2238 3021 3398 3737 3866 3982 4441 4661
670 921 969 992 1521 1658 1888 3207 4331 4446 4872
7 23 179 716 1626 1646 1851 2101 2419 2421 3760 3867 4152 4458
418 889 1067 1584 1921 2056 2171 2292 2906 3145 3220 3565 3891 4157 4632 4792
176 405 441 832 914 928 1222 1252 1454 1537 1634 1893 1982 2009 2013 2054 2110 2125 2386 2449 2492 2544 2714 2810 2926 2947 2955 3020 3266 3301 3371 3629 3657 3698 4378 4387 4484 4540 4635 4637 4747 4749 4799 4857 4945 4993
159 190 288 418 426 629 679 703 721 902 1141 1171 1199 1583 1706 1761 1825 1877 2269 2522 2523 2984 3028 3089 3274 3357 3362 3750 3934 3958 4201 4598 4768 4810 4871 4876 4927 4931 4951 4957
423 1069 1130 1171 1573 1604 2400 2565 2596 2697 2801 3376 3615 3722 4252 4353 4606 4639 4939
321 1544 1684 1910 1951 2074 2102 2157 2190 2355 2384 2793 3211 4352 4388
59 107 283 350 433 884 949 1224 1273 1468 1892 2683 3022 3671 3684 3685 3953 4249 4256 4300 4532 4848 4950
1233 1762 2089 2093 2127 2298 3143 3973 4153 4513
14 25 27 215 273 331 508 529 542 679 685 766 1174 1295 1336 1403 1669 1926 2143 2419 2538 2660 2834 2914 3111 3226 3284 3306 3370 3714 3926 3962 4073 4098 4197 4325 4385 4466 4476 4497 4523 4823 4966
62 823 1058 1314 1351 1372 2093 3449 3579 3684
75 121 463 1734 1738 2734 2992 3746 4798 4985
589 638 763 1311 1582 1762 1775 1913 2587 2660 3127 3660 3676 3811 4252 4291 4316 4684 4970
133 155 201 203 251 268 873 894 1118 1152 1558 1771 1826 2004 2107 2539 2573 2582 2585 2687 2772 2851 2945 2946 3125 3139 3148 3190 3239 3347 4025 4175 4221 4225 4228 4236 4298 4342 4359 4365 4675 4683 4761 4781 4811 4846 4898
406 444 1072 1189 1416 2705 3232 3620 4950 4954
916 1463 1659 2051 2182 3487 3803 3938 4085 4613 4880
185 198 223 292 323 374 442 450 461 601 859 881 1374 1403 1424 1772 2348 2382 2506 2550 2739 3106 3232 3273 3404 3477 3544 3676 3796 3806 3853 3883 4084 4362 4565 4567 4801 4806 4856
43 376 431 454 508 603 893 979 1012 1068 1144 1324 1534 1644 1687 1759 1850 1873 1968 1999 2359 2472 2703 2905 3071 3091 3182 3296 3323 3568 3738 4201 4427 4493 4589 4770 4978
189 246 491 706 1848 1867 2322 2537 2860 3386 3600 3632 3706 3825 4082 4219 4470 4539 4746 4921 4980
912 981 1854 2780 3039 3687 4095 4207 4246 4854
125 256 305 614 1091 1231 1501 1939 2195 2365 2419 3099 3469 3593 3659 3795 3813 4206 4562 4668
65 67 514 608 619 700 789 807 943 1001 1118 1452 1796 1818 1888 1986 2459 2880 3048 3135 3334 3351 3356 3397 3644 3920 4033 4067 4246 4622 4829
47 712 813 936 1257 2002 2442 2622 3206 3883 3966 4387 4613 4718 4837
345 635 688 949 1048 1056 1222 1348 1467 1743 1826 1950 1960 2001 2034 2296 2304 2448 2609 2639 2700 2842 3089 3418 3481 3782 3906 3996 4274 4668 4689
107 742 1474 1533 1648 2246 2289 2314 2319 2829 2901 2928 3075 3373 3417 3662 4349 4593 4680 4936 4980
294 719 1658 2060 2644 2670 2752 2759 2793 3097 4063 4272 4413 4450 4540
261 814 1396 1813 1970 2065 2154 2469 2615 2722 2781 2890 2984 3096 3433 3449 3810 3844 4089 4129 4260 4746
162 515 950 1183 1203 1628 1761 2266 2411 2815 3078 3403 3672 3738 4153 4581 4649
81 1579 1665 1785 2187 2429 3370 3952 4654 4873 4924
282 309 345 491 955 1199 1207 1332 2330 2426 3115 3340 3558 3573 4213 4279 4331 4575 4612 4835 4908
52 58 136 230 441 972 997 1452 1501 1957 2079 2319 2728 2869 3205 3578 3598 3790 3964 3982 4531 4535 4597 4676 4894 4923
389 1688 1889 1953 2516 2574 2662 2785 2786 2843 3211 3617 4074 4316 4409
61 156 1437 1453 1622 1703 2309 2545 2811 3023 3043 3688 4898
79 150 478 1012 1753 2839 3410 3599 3719 4029 4750
23 246 488 626 682 843 881 918 950 1025 1095 1149 1322 1435 1558 1629 1776 1799 1847 1908 1981 2054 2295 2395 2431 2528 2621 2742 2834 2889 2954 2965 3239 3302 3429 3850 4070 4382 4386 4444 4565 4581 4644 4690 4749 4854 4946
147 282 364 461 740 1418 1427 1527 2024 2202 2240 2246 2436 2460 2490 2554 2823 3001 3731 3741 3921 4219 4665
502 617 905 1088 1467 1556 2215 2293 2374 2468 2508 2576 2594 2637 2666 2700 2793 2817 3178 3269 3851 3891 3998 4002 4178 4458 4652
103 1307 1360 1409 1858 2155 2202 2339 2812 3447 3514 4094 4327 4346 4540
283 405 635 1048 1315 1617 1716 1780 2027 2071 2201 2219 2382 2639 2875 3112 3449 3620 3771 4004 4061 4205 4416 4469 4538 4539 4567 4627 4706 4743 4896
24 31 199 338 367 377 519 545 767 788 1005 1182 1208 1271 1365 1457 1628 1979 2050 2061 2299 2580 2619 2628 2705 2864 3045 3060 3102 3118 3257 3373 3408 3585 3827 3886 4029 4220 4274 4324 4514 4581 4599 4950
96 227 310 411 671 836 2041 2214 3171 4283 4332 4501 4942
643 1126 1178 1182 1283 1449 1492 1552 1556 1602 1819 1845 2220 2715 2941 3411 3776 3793 4048 4121 4718 4778
33 181 862 1355 1787 2406 2419 3338 3618 4348 4400 4499
1011 1367 1408 1577 1605 1787 2886 3158 3502 3978 4786 4964
150 307 540 894 1071 1504 2141 2392 2552 2912 3022 3618 3841 3914 4176 4637 4968
40 122 374 392 576 670 979 1076 1099 1144 1276 1332 1676 1731 1873 1920 1999 2096 2310 2330 2391 2394 2731 2736 2767 3246 3421 3455 3550 3852 4013 4034 4177 4247 4457 4687 4860
131 365 689 829 1114 1492 1804 1913 2500 2508 3086 3335 3619 3857 4017 4075 4133 4136 4254 4506 4669 5000
60 158 253 254 770 894 1274 1408 1434 1457 1481 1608 1627 1720 1854 1877 1910 2198 2361 2610 2680 2711 2946 2953 2965 3144 3265 3420 4255 4265 4671 4880 4884
18 353 755 1206 2190 2215 2409 2919 3190 3488 4802
66 231 454 616 847 952 1187 1196 1243 1477 1673 1727 2111 2189 2246 2288 2301 2302 2310 2402 2577 2624 2653 2929 2997 3087 3491 3787 3928 4202 4388 4793 4840
643 714 1102 1258 1665 1672 1801 1831 2043 2219 2400 2666 2956 3396 3957 4553 4955
364 1056 1180 1316 1613 1954 2005 2080 2412 2768 2901 3031 3321 3503 3677 3758 3909 4074 4119 4219 4411 4515 4627
128 214 261 369 499 518 566 745 1247 1287 1478 1704 1924 1943 1949 2039 2170 2335 2374 2733 2812 2827 2837 2855 2930 3043 3083 3132 3274 3312 3322 3334 3345 3565 3653 3883 3940 4074 4179 4300 4486 4594 4603 4718 4769 4813 4884 4958 4984
1738 1870 2083 2150 2928 3041 3183 3504 3635 3776 4471 4712 4883 4938
56 293 443 638 1384 1386 1573 2621 2631 3758 4228 4389 4698
104 298 539 725 726 839 947 1005 1174 1285 1332 1470 1534 1536 1757 1774 1819 1969 2239 2309 2444 2496 2627 2776 2813 2925 3071 3185 3209 3307 3410 3575 3668 3845 3922 3992 4078 4271 4322 4390 4504 4532 4651 4739 4877 4999
243 270 283 557 984 1029 1102 1104 1631 1920 2422 2678 2713 2794 2934 2971 3146 3189 3287 3528 3593 3732 3792 4019 4128 4207 4347 4380 4425 4553 4852
130 343 349 842 855 1064 1186 1216 1327 1349 1889 1902 1942 2250 2418 2428 2447 2485 2522 2748 3178 3196 3424 3839 3866 4089 4116 4149 4488 4735 4738 4781 4822 4834 4883
62 108 122 125 223 230 341 430 852 949 959 1217 1225 1391 1664 1752 1758 1820 1882 1957 2232 2239 2252 2517 2606 2713 3021 3053 3302 3760 3833 4063 4221 4456 4608 4753 4783
1371 1900 2334 2576 2717 2738 2772 2805 3295 3337 4068 4300 4499 4509
101 443 515 520 691 696 792 1437 2385 2490 2492 2510 2849 2850 2915 3483 3547 3619 3680 3938 4141 4187 4771
956 1063 1400 1734 2334 2686 2808 2903 3056 3083 4154 4436 4538 4615
318 750 1127 2357 4023 4358 4377 4429 4663 4806 4982 5000
282 1079 1307 1308 1482 1530 2100 2299 2356 2595 2598 2611 2847 3020 3092 3389 3605 3760 3867 4270 4588 4746 4768
1048 1342 1432 2248 2344 2421 2429 2527 2845 3601 4314 4586
252 439 557 785 1024 1145 1194 1345 1582 1598 2116 2288 2354 2805 3464 3598 3659 3921 4294
674 1815 2223 2316 2320 2613 2688 2886 2901 3862 4117 4152 4792 4851
431 538 1126 1193 1467 1620 1886 1922 2075 2154 2515 2697 2750 2855 3258 3379 3471 3479 3666 3849 3878 4027 4050 4057 4486 4584 4703 4789 4875 4894 4966
9 48 162 166 211 292 455 496 723 967 1002 1026 1703 2514 2891 3008 3290 3485 3579 3586 3686 3769 3988 3998 4040 4925 4980
21 107 783 1314 1590 1692 1828 1889 2063 2093 2185 2292 2453 2696 2857 2874 2920 3318 3441 3454 3533 3987 3998 4085 4207 4349 4560 4569 4770 4781 4791 4834 4845 4857
575 765 1030 1660 2528 3083 3264 3338 3450 4158 4220 4563 4932
48 886 1522 2191 2280 2716 2867 2958 3338 3483 3841 3999 4172
297 414 450 518 757 840 899 931 1095 1102 1143 1271 1331 1437 1508 1606 1768 1883 2024 2300 2312 2376 2992 3079 3158 3378 3461 3470 3504 3804 3968 4041 4059 4297 4484 4593 4650 4788 4801
166 345 555 1216 1307 1518 2139 2146 2219 2222 2497 2550 2735 2769 2947 3086 3146 3271 3278 3325 3659 3789 4069 4136 4230 4242 4265 4326 4439 4506 4655 4921
29 206 309 495 498 786 1217 1610 1632 1752 1857 2692 3241 4157 4175 4542
342 381 457 490 728 1097 1176 1821 2059 2824 3450 3608
41 546 861 893 967 1090 1194 1215 1228 1387 1629 1842 1910 2187 2288 2542 2619 3002 3031 3333 3429 3473 3728 3975 4008 4037 4583 4659 4674 4816 4831 4915 4967
5 127 242 632 1315 1726 2217 2825 3183 3274 3515 3635 3713 3734 4031 4248 4535 4832 4886 4959
61 130 178 249 776 984 1069 1178 1299 1325 1388 1395 1686 1771 2001 2046 2176 2369 2392 2407 2444 2503 2642 2797 2889 2960 3026 3050 3191 3359 3422 3508 3756 3813 3838 3935 4012 4050 4053 4137 4248 4372 4684 4830 4927 4940 4987
31 139 503 1020 1316 1537 2091 2386 2410 2952 3090 3220 3503 4014 4109 4252 4678 4780 4939
29 490 499 968 1404 1589 1836 2106 2225 2592 2612 2858 3284 3516 4045 4430 4527
308 356 651 752 819 849 880 1228 1325 1536 1795 2320 2530 2549 3207 3424 3511 3909 4321 4525 4644 4699 4810 4970 4986
23 320 392 1037 1558 1616 1882 2229 2481 2590 2671 4421 4736
449 478 687 969 1497 1668 1882 2703 3485 3766 4158 4218 4302
62 187 260 609 623 636 896 1298 1607 1834 2188 2217 2279 2320 2698 2810 2851 2880 2888 3077 3125 3174 3374 3452 3533 3658 3760 3766 3920 3981 4330 4393 4410 4564 4695 4709 4757
207 550 740 803 931 977 1011 1512 1566 1906 2049 2229 2230 2294 2390 2580 2637 2656 3039 3133 3269 3360 3531 3876 4668 4685 4861 4869
315 524 529 570 624 1173 1206 1872 2605 2735 3383 3714 3869 3947 4002 4089 4280 4368 4474 4570 4642 5000
225 420 938 1611 1614 1838 1929 2597 2790 3427 3647 3795 4262 4926
115 256 323 503 570 701 857 1016 1575 1933 2288 2407 2494 2511 2636 2698 2725 2841 3011 3045 3062 3209 3294 3487 3806 3924 4148 4436 4517 4702 4906 4990 4997
220 558 680 1231 1310 1366 1742 2216 2550 2680 2718 2744 2998 3308 3395 3718 4218 4236 4571 4650 4678 4716 4768
233 325 528 625 897 1691 1716 2106 2462 3324 4840
712 789 1020 1034 1104 1464 1587 1791 1876 2098 2106 2304 2381 2405 2440 2535 2615 2688 2729 2811 2965 2986 3027 3082 3307 3358 3377 3415 3425 3722 3752 3846 3856 4012 4027 4029 4069 4145 4169 4263 4412 4468 4520 4644 4799 4995
481 579 1348 1409 1603 1723 1853 2170 2262 2679 2829 3054 3363 3552 3556 3608 3700 4234
58 278 620 1013 2446 2813 3574 4607 4703 4854
163 590 746 793 797 891 893 939 1239 1587 2252 2342 2461 2665 2741 2802 2871 2955 3217 3482 3525 3764 3865 3985 4093 4187 4239 4469 4470 4658 4737 4892
593 728 1226 1260 1267 1353 1701 2252 2772 2826 2870 2897 2958 2978 3003 3105 3128 3378 3411 4119 4359 4891
158 1038 1268 1330 1659 2514 2945 2953 3304 3513 3737 3872 3897 4067 4102 4256 4382 4399 4709
19 896 969 991 993 996 1344 1604 1607 1679 1799 1828 2073 2397 2459 2576 2795 2801 2943 3158 3284 3395 3465 3511 3517 3632 3688 3973 3976 4183 4186 4343 4379 4418 4435 4466 4715 4731 4794 4862 4913
380 385 534 595 640 840 889 1055 1066 1186 1210 1287 1425 1491 1540 1636 1833 1945 2210 2377 2442 3184 3337 3627 3772 3800 3828 4003 4169 4295 4298 4406 4527 4596 4730 4751 4752 4943
199 437 510 763 830 1000 1135 1137 1324 1343 1591 1702 1943 2289 2754 3345 3576 3837 4002 4137 4146 4279
542 887 1094 1452 1662 2518 3687 3709 3797 3880 4189 4201 4290 4388 4633 4666 4709 4739 4780
65 176 260 285 501 811 888 1177 1195 1240 1309 1843 2250 2349 2401 2443 2619 2768 3116 3316 3713 3766 3771 3951 4104 4167
45 280 318 365 374 433 639 691 1145 1202 1844 1852 2280 2620 2623 2799 2820 2831 3249 3404 3422 3612 3628 3704 3839 3933 4092 4100 4227 4276 4580 4819 4837 4841 4877 4912
303 580 650 674 1276 1316 1708 1957 2298 2784 2868 3067 3344 3429 3679 3862 3908 3958 4115 4261 4266 4332 4360 4671 4988
80 139 157 228 355 372 486 488 624 642 698 970 1067 1359 1377 1387 1501 1784 1845 1949 2019 2069 2241 2749 2834 2844 2848 2905 2911 3053 3234 3279 3300 3444 3454 3609 3630 4011 4104 4113 4259 4261 4537 4618 4722 4855 4880 4972
157 842 915 1028 1490 1509 1541 2048 2385 2397 2470 2472 2726 2887 3417 3857 4329 4832 4835 4945
586 627 906 961 1169 1582 2029 2047 2456 3329 3690
108 628 750 846 877 1383 1769 1968 2114 2230 2258 2272 2496 2497 3285 3488 3505 3901 4133 4186 4338 4452 4479 4536 4609 4881 4921 4924
209 440 789 943 945 996 1163 1208 1243 1400 1524 1576 1683 1751 1762 1852 1952 2034 2108 2365 2441 2503 2658 2690 2885 2938 3073 3135 3453 3587 3734 3795 3834 4100 4125 4217 4261 4396 4573 4725 4732 4805 4894 4959
515 1047 1057 1528 2300 2453 2586 3034 3165 3553 4540 4562 4678 4756 4765
124 470 1145 1944 1985 2210 2236 2283 2445 2816 2894 3650 3713 3845 4133 4358 4606 4666 4984
461 821 1222 1546 2415 2758 3115 3208 3221 3723 3745 3784 4063 4690 4759
216 758 958 1057 1210 1353 2097 2341 2653 2737 2883 4038 4120 4474 4570
64 257 620 690 749 885 963 1018 1117 1217 1355 1475 1526 1609 1692 1751 1909 2130 2205 2237 2327 2344 2487 2523 2611 2876 2955 3008 3093 3104 3197 3615 4056 4109 4199 4403 4497 4634 4904 4931
153 364 417 783 1527 1754 1766 1913 2124 2555 2684 2887 3059 3133 3147 3711 3796 3863 4254 4593
566 1140 1269 1382 1773 2046 2474 2503 3617 3719 3964 3982 4098 4157 4716 4918
856 869 920 1705 1842 2456 3241 3349 3465 3672 4820
74 276 766 1022 1133 1946 2165 2345 2536 2753 2921 3467 4219 4933
275 329 847 922 934 1429 1446 1563 1620 1650 1670 1690 1853 1864 1903 1919 2259 2282 2283 2358 2582 2811 3119 3230 3235 3249 3512 3579 3686 3699 3707 3828 3859 3881 4019 4101 4448 4457 4578 4597 4739 4875
585 1255 1567 2008 2081 2197 2998 4054 4314 4325 4390
883 1057 1275 1336 1581 1673 1848 2426 2638 2800 2972 3128 3726 3778 3874 4290 4358 4518 4765
1 394 643 651 656 1121 1289 1337 1491 1846 2280 2305 2378 2406 2462 2616 2656 2734 2956 3402 3413 3470 3482 3628 3649 3985 4230 4439 4608 4712 4792 4793
284 316 815 923 932 1345 1927 1931 2089 2123 2624 2707 2947 2993 3363
356 617 1033 1101 1504 1549 1641 1698 1971 2460 2505 2660 3197 3564 3612 3749 3768 4409 4725 4932
227 300 947 1061 1435 1950 2114 3949 4102 4690
118 582 1134 1288 3344 3407 3830 4169 4477 4690
53 110 225 383 474 801 840 1024 1143 1252 1567 1648 1738 1761 1833 1834 2427 2447 2512 2513 2528 2546 2550 2809 3210 3436 3499 3651 3695 3798 3831 4154 4327 4422 4459 4476 4712 4794 4829
453 678 818 1386 1578 2056 2299 3531 4023 4713 4820
1160 1324 1510 2066 2237 2272 2385 2609 2890 2895 2944 3171 3743 3999 4178 4859
481 596 715 745 803 996 1623 1630 1784 1966 2521 2928 3339 3459 3515 4663 4810 4995
23 122 285 309 353 441 486 505 849 1054 1182 1208 1237 1717 2038 2042 2052 2061 2372 2405 2705 2783 2808 2872 3051 3085 3244 3252 3279 3422 3663 3709 3763 3892 3949 4008 4104 4275 4281 4481 4674 4727 4949 4954
117 199 588 858 1313 2004 2360 2681 3204 3397 3692 4100 4263 4346 4590
164 321 459 644 1300 1413 1600 3574 4276 4302
106 328 558 807 1117 1247 1556 2046 2585 2961 3118 3168 3380 3527 3668 4354
949 1358 1504 1815 2016 2117 2232 2311 2319 2406 2497 2551 2994 3489 3513 3683 3945 4177 4639 4782
230 691 1196 1264 1392 1434 1452 1495 1591 1757 2115 2463 2907 3253 3261 3427 4609 4626 4695 4835 4842
41 297 402 578 976 1032 1269 1431 1526 1546 1879 1900 2013 2019 2048 2420 2700 2714 2914 3142 3302 3419 3477 3503 3533 3653 3852 4172 4213 4391 4719 4795 4888 4999
66 103 436 503 597 683 792 796 838 1232 1440 1654 1867 2054 2260 2339 2529 2538 2570 2704 2727 2802 3126 3168 3384 3527 3662 3718 3870 4305 4310 4390 4421 4437 4466 4556 4667 4725 4813 4851 4874 4926
259 446 492 805 1497 2653 2771 2857 3343 3566 3736 3780 4044 4338 4358 4602
241 870 977 992 1089 1117 1346 1903 2038 2218 2258 2608 2711 2872 2969 3008 3094 3226 3551 3998 4181 4250 4291 4326 4345 4415 4709
351 596 1017 1172 1500 1774 1966 2295 2346 2526 2824 3390 3695 3717 4251 4399 4572 4639
295 578 681 838 883 1056 1146 1345 1356 1405 1846 1879 1912 2019 2048 2213 2237 2380 2479 2529 2587 2700 2961 3140 3556 3984 4329 4447 4458 4502 4582 4664 4670 4719
124 173 174 776 902 1415 1480 1519 2165 2225 2788 2810 2818 2937 3026 3038 3049 3523 3849 3890 4104 4154 4313 4333 4373 4931
15 244 255 259 495 721 1323 1451 1490 1638 1766 1808 1886 1895 2015 2028 2110 2199 2275 2449 2553 2586 2588 2680 2731 2781 3304 3401 3519 3590 3644 4066 4089 4213 4290 4311 4441 4477 4518 4592 4642 4659 4799 4841 4931
112 129 183 372 484 606 738 1163 1240 1818 2476 2568 3153 3228 3258 3301 3765 3788 3805 3901 4306 4454 4568 4580 4801 4867
86 646 943 1005 1376 1837 1858 2037 2439 2535 3222 3237 3867 4171 4518 4564 4691 4785 4938
21 60 106 620 655 745 975 1058 1090 1287 1338 1468 2050 2382 2579 2816 3100 3149 3160 3408 3763 3799 3816 3824 3853 3871 3974 4005 4065 4273 4286 4670 4672 4683 4724 4783 4815 4817 4975
98 405 715 1732 1939 2533 2666 2961 3675 4068 4283 4366
228 538 573 926 1309 1463 1925 2084 2240 2374 2984 3220 4393 4602 4884 4968
43 362 519 884 945 1078 1507 1747 2376 2424 2506 2512 2768 2946 3166 3285 3291 3377 3538 3757 3806 3980 4020 4557
94 400 963 1016 1932 2059 2285 2536 2561 3111 3287 3504 3618 3752 3957 4798 4848
515 984 1226 1338 1630 1653 1849 2104 2252 2353 2669 2885 3159 3317 3724 3745 4005 4979
109 129 285 1328 1468 1743 1883 1885 2214 2253 2817 3035 3257 3442 3457 3482 3484 3591 3719 3786 3896 3901 4059 4095 4164 4757
92 193 217 295 368 637 690 734 745 781 1305 1669 2029 3432 3831 4036 4312 4333 4368 4380 4497 4768 4964
48 526 568 621 627 660 779 999 1200 1242 1388 1641 2312 2558 2684 2891 2912 2934 3444 3558 3762 3958 4138 4180 4363 4453 4477 4509 4629 4855 4920
560 672 959 1122 1194 1196 1530 1613 1625 1743 2365 2438 2460 2572 2911 3025 3119 3192 3488 3506 3521 3556 3851 3853 4052 4074 4152 4249 4585 4612 4680 4839 4906
117 286 1001 1077 1559 2279 2343 2424 2719 2748 2863 2924 3265 3352 3421 3643 3780 4087 4274 4722 4795
63 387 468 825 891 908 1135 1307 1612 2077 2226 2617 2624 2996 3072 3742 3829 4046 4163 4472 4652 4982
276 379 690 692 768 814 2095 2125 2196 2259 2460 2529 2589 2616 3030 3226 3321 3418 3446 3640 3650 3733 3817 3856 4222 4588 4596 4775 4810
329 340 555 671 950 1302 1336 1454 1596 2088 2668 2714 2837 2937 3109 3123 3207 3448 3486 3544 3646 3647 3676 3851 3968 4078 4182 4472 4588 4728 4743 4958 4964
285 391 591 602 947 1136 1301 1587 1597 1636 1721 1752 1982 2745 2896 2962 3015 3021 3122 3647 3710 4108 4112 4321 4337 4549 4736 4808 4841
774 1329 1429 1485 1551 1756 1915 2359 2544 3573 4102 4298 4596 4961
10 297 391 450 484 530 617 759 851 1173 1254 1304 1423 1617 1801 1909 2018 2135 2410 2464 2513 2833 2841 3041 3077 3142 3484 3530 3571 3653 3908 4096 4196 4263
51 103 498 529 711 729 1217 1670 1713 1827 2118 2313 2342 2448 2630 2929 3064 3355 3530 3722 3727 3741 3757 3843 3856 3935 3942 4063 4117 4267 4308 4561 4846 4923 4956
112 123 129 250 442 556 639 681 769 1006 1054 1306 1562 1734 2104 2203 2472 2502 2559 2615 2729 3102 3695 4355 4371 4402 4760
29 262 298 401 666 715 883 1018 1032 1138 1332 1628 1859 1861 2042 2135 2155 2166 2308 2372 2405 2473 2770 2887 2925 3084 3153 3312 3387 3614 3623 3743 3775 3916 3977 4000 4257 4353 4455 4488 4613 4953 4991 4992
509 576 628 764 1548 1732 1942 2378 2746 2955 3731 3937 4933
371 780 977 1014 1319 1534 1951 2224 2246 2433 2561 2722 2815 3073 3183 3291 3611 3818 4383 4384 4841
1 268 295 335 418 469 1031 1206 1576 1778 1841 2406 2421 2513 2597 2688 2909 2956 2989 3031 3189 3440 3841 3985 4288 4372 4430 4439 4684 4697 4775 4991
17 144 163 237 261 299 653 797 962 1096 1108 1152 1221 1262 1394 1700 1721 1769 1942 2326 2387 2443 2703 2844 3022 3119 3140 3203 3322 3334 3349 3494 3879 3908 3940 4039 4267 4308 4393 4395 4603 4696 4741 4867 4917 4946 4958 4990 4994
458 758 867 919 1265 1308 1438 1472 1730 1805 2599 3194 3426 3470 3513 3532 3857
42 686 815 941 1228 1252 1420 1561 2548 2585 2820 3339 4294
600 1032 1333 1555 2147 2266 2654 2712 2919 3365 4017 4088 4117 4171 4246 4355 4798
234 437 1114 1256 1556 2014 2379 2553 2582 2629 2749 3249 3349 3717 4084 4118 4194 4892
92 145 193 260 633 797 1163 1311 1513 1624 1871 2173 2312 2446 2498 2854 3380 3525 3595 3675 3769 4808 4936 4999
46 66 332 591 1115 1453 2206 3278 3572 3658 4809
86 483 517 531 697 827 1044 1795 1925 2317 2441 2462 2469 2579 3029 3034 3135 3769 3814 3931 4034 4189 4332 4835 4918
50 59 250 433 479 542 650 806 980 1295 1327 1506 1912 2037 2387 2635 2972 3125 3517 3632 3690 3710 3759 3789 4160 4283 4534 4616 4720 4799 4814 4824 4837 4961 4981
149 182 319 769 1236 1273 1462 1500 1720 1791 1802 1915 1954 2013 2048 2113 2294 2339 2528 2600 2847 3018 3132 3142 3334 4094 4173 4440 4466 4531 4539 4546 4582 4776
116 276 506 531 637 946 960 1033 1443 1589 1724 2247 2522 2951 3070 3836 3856 4050 4109 4118 4348 4545 4642 4649 4670 4895 4997
155 354 429 473 492 769 908 1141 1158 1161 1317 1324 1496 1607 1767 1786 1816 1952 2126 2190 2318 2367 2369 2532 2538 2843 3120 3331 3344 3569 3680 3892 3965 3970 3980 4029 4094 4235 4277 4367 4573 4708 4930
214 267 588 634 830 1024 1251 1278 1426 1521 1618 1718 1797 2126 2336 2566 2572 2704 2841 2850 2869 2879 2889 2938 2945 3042 3223 3273 3324 3330 3382 3415 3452 3584 3631 3800 3820 3871 4095 4113 4147 4227 4259 4348 4382 4465 4586 4681 4868 4923
274 406 663 668 1018 1145 1283 1309 1547 1599 1729 1765 1777 1847 1896 1994 2069 2130 2232 2314 2396 2409 2572 2798 2962 3223 3347 3553 3568 3607 3782 3828 3996 4033 4079 4101 4170 4411 4414 4437 4443 4455 4471 4699 4706 4825 4838 4887 4913 4971
35 70 153 295 558 1179 1721 2229 2787 2808 3346 3470 3565 4477 4488 4595 4753
31 352 386 1033 1074 1601 1657 2401 2581 2654 2818 2867 2892 3116 3186 3253 3357 3596 3649 3692 3830 4302 4460 4568 4697 4833 4898 4915 4985
555 566 613 626 777 1957 2090 2560 3557 3770 4087 4427 4789 4808
39 84 439 563 1236 1403 1513 1535 1796 1875 1917 2045 2673 2722 2861 2885 2915 3044 3233 3323 3349 3498 3584 3593 3800 3860 3914 3991 4331 4635
187 234 245 251 261 405 608 658 668 709 861 1144 1267 1320 1398 1403 1499 1830 2008 2049 2093 2103 2215 2241 2335 2444 2552 2576 2704 2745 2847 3027 3374 3430 3501 3574 3675 3681 3707 3974 4080 4267 4310 4529 4567 4641 4703 4866 4994
336 603 717 796 930 1184 2562 2962 3287 3314 3357 3724 3943 3981 4548 4968
30 60 100 113 134 373 556 642 766 815 883 899 1148 1406 1487 1606 1706 1803 1894 1949 2155 2487 2557 2648 2842 2873 2917 2966 3018 3029 3069 3357 3762 3767 3859 4027 4177 4288 4554 4783
123 223 498 821 1280 1417 1428 1519 1607 1667 2351 2384 2394 2531 2564 2686 2756 2840 3046 3064 3138 3178 3308 3681 3979 4025 4185 4289 4575 4600 4735 4795 4813 4857 4952
68 1085 1325 1577 2053 2146 2427 2432 2738 2860 3367 3690 3963 4039 4777
305 582 665 680 736 1202 1419 1466 1815 1910 1954 2316 2457 2766 2828 2950 3039 3068 3114 3281 3500 3545 3727 3891 3921 3943 4088 4092 4220 4620 4630 4647 4699 4710 4796 4881 4935 4996
1224 1274 1444 1642 2021 2159 2316 2794 2923 3170 3276 3474 3654 3717 4118 4302 4654 4934
197 918 1019 1163 1269 1538 1882 2215 2265 2375 2397 2699 2861 2981 2983 3041 3783 3894 3987 4162 4608 4794 4821 4982
317 376 712 761 1041 1185 1213 1742 3179 3300 3659 3694 4677 4755
286 727 988 999 1339 1538 1789 1797 1976 2680 2775 2856 2985 3146 3696 3968 4071 4320 4601 4729 4795
429 920 939 1093 1271 1438 1495 1705 1875 2105 2170 2233 2702 2853 2884 3139 3206 3214 3410 3505 3571 3693 3914 3952 3984 3994 4337 4550 4638 4813
59 183 209 219 522 524 696 906 1063 1167 1326 1364 1845 1943 2079 2159 2228 2349 2388 2475 2633 2646 2702 2720 2731 2805 2857 2974 3084 3209 3278 3324 3460 3495 3704 3949 4215 4346 4609 4729 4859 4890
45 104 421 466 506 604 781 880 1262 1431 1670 1822 1827 1842 2039 2060 2161 2341 2441 2462 2503 2603 2720 2749 2982 3040 3395 3412 3544 3567 3613 3733 3879 4014 4075 4076 4102 4143 4208 4256 4374 4479 4552 4581 4666 4694 4759 4854 4934
135 247 259 334 372 544 668 1075 1129 1157 1200 1218 1255 1448 1539 1949 1959 2118 2178 2296 2322 2347 2386 2400 2609 2639 2931 3077 3191 3330 3351 3529 3655 3763 3840 3890 3943 4092 4248 4279 4339 4433 4449 4535 4774 4877 4909
1058 1119 1124 1434 1478 1578 1769 2099 3680 3741 4055 4852
150 257 259 305 359 430 439 697 757 1982 2189 2539 2557 2601 2760 2972 3070 3168 3359 3483 3499 3523 3686 4099 4216 4352 4505 4549 4553 4797 4908
159 250 408 840 854 950 986 1348 1372 1660 1678 2287 2387 2407 2689 2798 2831 2949 3051 3269 3375 3542 3552 3799 3944 3950 4052 4083 4224 4322 4328 4607 4839
165 343 553 1101 1349 1365 1616 2258 2893 3167 3391 3418 3752 3939 4191 4254
80 102 120 253 358 549 619 664 753 776 1122 1202 1347 1428 1578 1673 1685 1955 2177 2241 2244 2253 2295 2469 2485 2595 2704 2708 2846 2848 2869 3219 3296 3332 3518 3633 3637 3865 4031 4113 4291 4420 4442 4457 4648 4670 4740 4963
150 465 866 1235 1354 1683 3639 3839 4290 4571
678 748 854 938 1038 1058 1070 1112 1131 1380 1834 1846 2294 2416 2512 2593 2696 2910 2943 2996 3204 3312 3351 3436 3676 3788 3831 3834 3873 4005 4128 4176 4299 4362 4422 4584 4606 4609 4674 4919 4988
504 713 931 1387 1685 1787 2004 2056 2149 2320 2607 2755 2867 2942 3172 3525 3603 3769 3784 3982 4162 4211 4736 4743
497 900 1120 1735 1758 1782 1835 1916 1938 1989 2132 2301 2910 3350 3669 4149 4250 4807
19 493 1152 1237 1354 1362 1382 2875 4048 4454
37 50 95 242 299 447 484 560 682 1480 1502 1588 1589 1630 1698 1817 1837 1939 1998 2191 2220 2279 2362 2459 2661 2697 2749 2910 2977 3077 3307 3685 3835 3891 3962 3967 4034 4067 4124 4226 4312 4413 4585 4903 4986 4995
21 114 236 367 377 428 527 561 714 908 984 1087 1317 1347 1529 1616 1625 1677 1767 1790 1822 2420 2635 2694 2763 2820 2843 2899 2903 2913 3014 3329 3454 3604 3905 3953 3978 4103 4230 4474 4536 4962 4986
86 207 210 413 508 870 923 1033 1059 1353 1781 1988 2198 2242 2493 2499 2687 2713 2875 3264 3372 4120 4124 4487 4611 4658 4716 4769 4919
314 1071 1091 1398 1531 1904 2297 3712 4120 4476 4728 4951
205 435 962 1002 1568 1593 3265 3363 4135 4379 4548
679 692 822 870 1117 1610 1753 1936 1954 1983 2028 2239 2334 2628 2918 3124 3138 3151 3163 3751 3761 4008 4020 4250 4412 4429 4809 4915 4932
48 75 80 116 257 258 427 504 622 947 999 1116 1457 1579 1707 1738 1840 1929 1940 1963 2079 2082 2130 2233 2237 2296 2335 2450 2527 2721 2734 2745 3005 3108 3271 3278 3356 3366 3400 3645 3675 3728 3905 3936 4076 4143 4522 4642 4889 4960
279 626 1977 2090 2400 2707 2839 3339 3924 4098 4381 4638 4685 4793
16 437 529 631 750 975 1195 1263 1442 1611 1717 1947 2032 2437 2900 2990 3067 3134 3227 3422 3438 3539 3727 3835 3904 3911 3957 4044 4213 4228 4244 4486 4543 4879 4969
225 376 516 903 1023 1564 1577 2192 2230 2647 2701 2964 3110 3117 3810 3920 4080 4108 4130 4155 4182 4276 4412 4423 4458 4486 4861 4994
177 463 623 1255 1478 1760 1989 2104 2349 3175 3210 3560 3578 3993 4118 4375 4557 4895
64 91 280 290 599 757 856 1115 1220 1453 1464 1471 1534 1759 2134 2151 2214 2508 2724 3043 3103 3258 3264 3322 3335 3979 4069 4184 4395 4505 4526 4691 4783 4785 4786 4818 4969
316 438 689 695 841 894 945 1003 1345 1441 1503 1710 1849 2008 2050 2373 2457 2489 2661 2781 2813 2855 2932 2967 2978 3132 3143 3306 3465 3889 3999 4151 4383 4384 4576 4626 4644 4706 4858 4972 4985
236 372 775 1008 1205 1376 2007 2068 2092 2109 2192 2394 2445 3315 3352 4114 4146 4518 4883
323 577 838 901 1347 1602 1722 2487 2509 2816 2879 2998 3276 4221 4650
176 214 455 512 544 634 642 652 685 732 741 756 983 1459 1464 1616 1706 1829 1997 2020 2023 2522 2622 2795 2815 3098 3499 3521 3634 3753 3819 3822 3836 4381 4516 4595 4623 4902 4905 4949
110 539 798 962 1084 1173 1696 1958 2001 2220 2266 2630 2793 3014 3153 3282 3871 3909 3952 4052 4095 4150 4198 4455 4732 4958
55 227 659 1370 1868 2002 2140 2275 2466 2667 3140 3173 3628 3689 3840 3950 4534 4572
116 1188 1276 1370 1989 2031 2730 2973 3095 3107 3140 3464 3469 3602 3684 4440 4692 4862
268 475 485 491 510 574 714 1132 1387 1673 1678 2002 2182 2185 2392 2774 2794 3163 3248 3525 3535 3674 3894 3927 3983 4144 4225 4505 4926
111 151 611 975 1321 1411 1415 1925 3379 4187 4315
61 193 310 316 481 822 1019 1125 1142 1378 1483 1500 1644 1875 1989 2217 2305 2915 3984 4101 4209 4214 4392 4426 4479 4555 4561 4604 4779 4900
373 396 408 463 473 520 555 848 985 1038 1168 1491 1786 1897 1900 2127 2234 2329 2559 2731 2900 2929 2942 3162 3205 3452 3487 3635 3749 3779 3865 3867 4038 4040 4060 4138 4671 4686 4692 4832
287 322 607 1424 1612 3183 3333 3803 4135 4275 4315
140 360 422 505 1106 1854 1959 1967 2747 3939 4151 4401 4520 4878
78 125 201 319 421 437 596 606 726 885 1496 1603 1629 1717 1762 1799 2049 2154 2182 2309 2548 2742 2855 2943 3045 3329 3707 3884 3955 4024 4030 4136 4204 4211 4269 4282 4329 4432 4676 4745 4772 4938 4947
147 572 661 846 860 1028 1253 1495 1760 1893 2302 2390 2409 2723 2775 2995 3431 3451 3859 3992 4028 4223 4353 4419 4475 4513 4615 4618 4865
100 291 395 897 2129 2688 2976 3412 3464 3593 3658 4260 4688
175 510 552 816 843 922 1035 1205 1251 1402 1479 1497 1619 2166 2227 2330 2414 2491 2610 2624 2655 2806 3835 3902 3918 3946 4120 4212 4323 4855 4988
138 221 553 583 809 993 1585 1651 1756 1883 2010 2105 2127 2175 2260 2591 2597 3060 3087 3098 3161 3283 3507 3989 4031 4062 4086 4153 4577 4621 4626 4757 4844 4863
42 95 155 442 569 596 622 694 837 851 1021 1157 1251 1277 1293 1479 1480 1829 1904 1940 1956 2341 2351 2378 2538 2790 2880 2952 3133 3476 3642 3747 3785 4015 4127 4143 4190 4198 4464 4541 4548 4578 4638 4756 4803 4839 4872 4882 4944
166 210 292 591 995 1103 1259 1633 1687 2545 4275
496 557 620 634 661 698 716 1440 1706 1851 1983 2067 2314 2374 2559 2754 2757 2765 2776 2902 2942 2974 3032 3060 3079 3222 3235 3262 3468 3511 3635 3744 3802 4293 4347 4433 4462 4496 4899 4910
8 302 560 681 1443 1469 1759 2156 2202 2837 3385 3571 3906 4264 4577 4682 4729 4886
153 311 324 338 518 658 1146 1340 2301 2434 3481 3770 3879 3947 4092 4265 4305 4414 4946 4964
665 1128 1546 1689 2272 2280 2618 3286 4062 4924
39 49 164 171 257 408 1333 1620 1849 1922 2233 2317 2408 2511 2557 2584 2592 2838 3063 3216 3224 3301 3360 3704 3921 4867
54 378 966 978 1228 1306 1340 1513 1678 1861 1865 1886 2029 2126 2348 2370 2567 3030 3237 3577 3727 3743 3910 4525 4580
267 345 353 580 636 1039 1520 1571 1598 1605 1666 1763 2113 2172 2317 2424 2659 2842 3013 3076 3107 3442 3528 3560 3682 4006 4305 4349 4364 4407 4595 4645 4843 4853 4926 4989
42 207 210 406 535 619 654 1000 1291 1318 1356 1750 1851 1964 2113 2118 2186 2289 2342 2456 2844 2938 3062 3113 3181 3184 3231 3306 3321 3434 3541 3608 3707 3723 3943 4018 4065 4108 4110 4547 4560 4590 4649
303 939 1055 1110 1188 1352 1373 1732 1766 2026 2390 2530 2629 3064 3139 3163 3193 3260 4140 4186 4188 4203 4304 4982 4983
145 286 567 698 760 794 994 1154 1199 1266 1346 1381 1388 1451 1551 1783 1830 1864 2352 2617 2777 2874 3272 3298 3355 3386 3462 3598 3615 3633 3712 4032 4111 4138 4324 4399 4756 4774 4941 4942
473 724 944 1156 1292 2103 2142 2190 2348 2621 2830 3030 4554 4622
590 895 2492 2535 2638 3165 3239 3758 4713 4825
339 678 1056 1125 1349 1550 1573 1674 1747 1969 1993 2787 2870 2915 3021 3054 3348 3584 3822 3984 4135 4188 4354 4431 4445 4585 4756 4778 4782 4820
62 73 464 1092 1446 1981 2058 3694 4096 4384 4735
2 231 321 704 826 891 1274 1285 1425 1697 1857 1917 2035 2813 3412 3489 3997 4332 4665 4688 4808 4927
192 347 454 636 645 1577 1593 1709 1773 1814 1857 1912 2259 2449 2544 2557 2679 2685 2886 3027 3212 3313 3407 3409 3439 3553 3662 3833 4001 4176 4326 4386 4492
36 155 338 537 913 986 1040 1539 1923 2404 3014 3243 3555 3577 3605 4239 4386 4652 4750
385 476 1334 1743 1792 1941 1978 2185 2274 2548 2891 3152 3251 3342 3421 3530 3730 3849 4139 4732 4901 4925
339 373 682 728 965 1436 1820 1900 2338 2559 2602 2664 2831 2862 2953 2970 3027 3131 3262 3279 3303 3435 3622 3888 3904 4025 4068 4117 4130 4398 4482 4594 4628 4679 4850
11 92 190 432 625 627 658 682 693 711 854 945 1375 1605 1742 1812 2036 2059 2165 2829 2912 3089 3187 3269 3288 3340 3355 3436 3617 3687 3799 4159 4195 4308 4412 4433 4590 4615 4754 4942 4974
146 213 222 688 758 1729 1806 3093 4172 4481 4586
356 388 562 652 765 898 917 928 1262 1536 1582 1674 1675 1777 1864 2181 2376 2619 2635 2999 3087 3180 3689 3746 3776 3960 3962 4115 4229 4520 4521 4574 4653 4780 4908 4914
301 954 1244 1267 1379 1722 1800 2705 3054 3228
9 212 307 532 705 1027 1576 1741 1817 1895 1937 1969 2037 2564 3459 3673 3809 4375 4409
112 199 469 783 1342 1440 1621 2490 2649 2779 2827 2902 2927 4732 4898
196 271 412 756 1062 1303 1464 1639 1804 2044 3653 3741
97 166 331 606 747 796 1283 1824 1972 2128 2264 2552 2696 2998 4514 4536
9 224 318 673 674 1007 1443 1605 3210 3721 3820 4082 4088 4672 4760 4919 4961
133 235 263 391 1057 1212 1934 1987 2023 2139 2217 2276 2494 2553 3154 3377 3515 4682
169 357 408 600 642 645 742 1311 1746 2125 2169 2573 3679 3881 4081 4217 4272 4446 4767 4780 4829
175 489 685 1484 1935 2312 2686 3839 4014 4126 4635 4688
235 407 554 704 1106 1709 1951 2040 2131 2366 2472 2604 2675 2679 2729 2758 2852 2877 3332 3458 4395 4616
164 331 449 537 697 822 1429 1834 1846 2045 2197 2741 2898 2992 3010 3017 3261 3534 3823
352 363 451 513 612 1011 1051 1137 1424 2306 2453 2488 2625 2902 4734
168 310 537 643 799 1257 1542 1809 1823 2492 3010 3032 3277 3592 3621 3823 3887 4473 4638
29 64 927 1178 1202 1644 1715 2284 2853 2870 2979 3394 3441 3571 3728 3774 4234 4469 4826 4893
133 319 369 461 648 830 992 1370 1656 1660 2084 2112 2775 2992 3085 3091 3214 3234 3261 3354 3661 3735 3772 4023 4145 4291 4294 4305 4318 4361 4400 4405 4464 4550 4585 4812 4897 4901
119 308 375 828 1177 1874 2281 2478 2511 2618 2835 2873 3392 3450 3561 3903 3925 4582 4698 4895 4925 4968
174 466 537 1086 1314 1382 1692 2039 2283 3079 3195 3393 3842 3868 3907 4013 4054 4065 4162 4555 4713 4778 4828 4857
252 307 365 506 622 884 918 1069 1177 1293 1600 1678 1822 1928 1940 1968 2074 2208 2232 2255 2317 2427 2457 2519 2572 2630 2734 2952 3128 3143 3328 3868 3930 3957 3996 4076 4127 4173 4207 4231 4285 4312 4443 4526 4602 4646 4695 4721 4773 4997
272 321 377 424 1046 1409 1525 1587 1615 1680 1890 3065 3361 3369 3788 4502 4969 4979
178 315 490 503 517 559 677 902 979 1533 1698 1739 1959 2064 2219 2356 2444 2532 2551 2563 2677 3094 3098 3550 3695 3772 3777 3855 4245 4293 4301 4562 4615 4807 4923
225 421 657 1084 1791 1817 2046 2144 2323 2495 2534 3360 3427 3781 4022 4128 4133 4211 4280 4493 4616 4801
366 1284 1712 1961 2158 2501 3104 3459 3481 3545 3560 3629 3859 4548
487 523 758 1661 2490 2551 4012 4380 4555 4848 4868
218 404 638 982 2061 3107 3178 3336 3711 4231 4508
49 589 601 1113 1181 1209 1832 2689 3008 3023 3512 3686 4310 4452
38 401 418 471 557 571 624 688 731 783 1285 1341 1457 1489 1499 1883 1966 2494 2695 2748 2809 2928 3149 3563 3708 4077 4210 4297 4437 4535 4626 4645 4861 4878
26 702 1554 1645 2059 2354 2429 2724 3407 3484
234 990 1083 1722 1736 2622 2927 4080 4132 4748
246 382 507 564 714 756 902 1162 1804 1848 2371 2423 3163 3480 3881 3929 4040 4116 4227 4381 4566 4587 4607 4623 4762 4769 4865 4900 4916
349 656 1149 1210 1368 1660 1667 1695 1829 2300 3264 4556
83 90 933 993 1431 1479 1547 1739 1999 2071 2086 2134 2135 2291 2301 2366 2428 2610 2875 3606 3631 3736 3835 4033 4193 4234 4241 4287 4322 4337 4398 4417 4461 4675 4969
153 458 594 1811 1930 1984 2139 2274 2564 2878 2918 3148 3255 3336 3876 3931 4007 4084 4239 4450 4859
267 448 541 965 1281 1589 1654 1779 1810 1856 1866 2047 2723 2790 3006 3011 3206 3481 3522 3543 3620 3644 3882 4010 4107 4278 4400 4668 4755
152 754 1198 1356 1433 1505 1521 2409 3485 4534
158 256 367 371 399 511 697 1234 1370 2204 3037 3182 3311 3739 4251 4321 4501 4886
89 771 1135 1777 1851 2340 2521 2674 2988 3009 3012 3121 4163 4202 4424 4647
246 252 329 448 472 495 539 689 875 911 1248 1493 1617 2022 2526 2723 2773 2939 2959 2987 3245 3763 3838 3941 3971 4272 4623 4624 4987
13 106 270 355 628 1285 1402 1514 1612 1641 1694 1875 2209 2332 2578 2638 2968 3033 3109 3129 3165 3693 3754 3870 3883 3924 4134 4285 4494 4506 4972
326 427 477 492 801 872 976 1052 1255 1325 1580 2535 2616 2762 2785 2832 2843 2945 3034 3137 3291 3309 3953 4314 4447 4719
234 384 419 545 618 1203 1381 4325 4401 4833
104 130 229 282 340 588 593 929 1249 1369 1393 1511 1592 1602 1703 1734 1795 1904 2125 2176 2179 2407 2451 2792 3119 3191 3319 3324 3379 3493 3552 3836 3852 3863 3864 3956 4123 4129 4267 4279 4336 4684 4706 4911 4922 4975 4994
14 369 390 475 553 603 677 718 847 951 1229 1238 1252 1431 1453 2133 2167 2393 2445 2702 2860 3055 3271 3711 4054 4072 4510 4560 4643 4828 4979 4984
34 251 315 589 757 804 807 850 874 904 999 1098 1537 1674 1847 2527 2541 2544 2547 2628 2634 2790 2837 2866 2898 2982 3029 3353 3447 3501 3549 3636 3826 3848 3986 4042 4115 4325 4356 4365 4376 4397 4404 4528 4961
483 1146 1959 2128 2607 2703 3010 3177 3256 3326 3497 3823 3853 3939 4393 4497 4531 4748 4753
45 699 870 1015 1317 1690 1928 3067 3155 3198 3503 3784 3990 4231 4262 4847
307 1036 1460 1854 1872 1899 1996 2102 2507 3087 3400 4012
148 204 812 853 937 1012 1076 1122 1295 1657 1889 2072 2127 2583 2976 3136 3150 3176 3378 3414 3421 3467 3648 3709 4055 4106 4233 4366 4372 4645 4693 4734 4975 4992
160 1045 1137 1340 1401 1483 1573 1637 2162 2274 3112 3619 3740 4145 4734
319 626 1112 1123 1358 1363 1414 1539 1547 1560 1687 2260 2278 2368 2811 2819 2881 3091 3259 3320 3488 3616 3815 3895 3950 3979 4280 4439 4463 4479 4549 4636 4849 4949
337 924 1446 1667 1788 1860 1973 3474 3517 3608 3712 3718 3745 4389 4734
468 685 863 938 1002 1654 2057 2085 2149 2398 2911 3247 3322 3336 3972 3985 4271 4601 4893 4913
30 449 795 1439 1512 1665 1744 2333 2426 2654 2710 3990 4712
186 398 570 668 742 800 1236 1517 1523 1998 2221 2241 2256 2258 2274 2609 2643 2709 2913 2936 3088 3107 3134 3273 3300 3427 3447 3489 3546 3581 3750 3822 3894 4112 4262 4312 4348 4438 4480 4556 4707 4749 4758 4825 4885 4980
99 343 438 961 1164 1328 1355 1853 2543 2632 2804 4352 4482 4722 4892
32 344 553 614 1010 1407 2158 2521 3429 3540 3573 3583 3762 3784
370 787 959 1454 1586 2154 2214 2402 2456 2607
957 989 1105 1317 1477 1699 2030 2282 2327 2975 3169 3238 3961 4234 4359
