451 481 497 570 1177 1204 1421 1606 1620 1631 1776 1984 2704 2936 3038 3065 3304 3506 3772 3887 4022 4064 4366 4406 4445 4537 4539 4743 4748 4834 4844
53 232 550 636 675 754 1149 1234 1246 1339 1376 1391 1393 1474 1805 2138 2180 2289 2513 2525 2836 2933 3177 3560 3801 3962 4039 4051 4261 4262 4367 4455 4695 4728 4776 4812 4915
320 950 1300 1445 2148 2327 2458 2476 2839 3114 3770 3811 3879 3899 4189 4414 4645 4647 4675 4854 4917
536 594 1059 1231 1245 1544 2256 3398 3575 4220 4347 4942
263 292 416 603 756 911 955 1006 1068 2021 2340 2407 2648 2837 2914 2982 3339 3465 3562 4051 4198 4740 4774 4997
5 153 156 220 255 281 430 431 457 475 615 695 735 1054 1066 1491 1753 1867 1968 2058 2171 2317 2436 2527 2542 2634 2744 2883 2899 2911 2920 3281 3359 3492 3512 3618 3912 3933 4100 4232 4324 4345 4431 4459 4534 4570 4731
24 219 569 608 617 733 734 999 1083 1121 1216 1264 1457 1851 2507 2542 2660 2673 3072 3428 3450 3658 3737 3855 3908 4011 4207 4383 4449 4523 4576 4664
438 543 586 1333 1858 2193 2539 2662 3017 3178 3419 3745 3808 4228 4625
346 397 728 746 903 1010 1019 1622 1781 2257 2518 3152 3402 3704 3743 4061 4237 4436 4450
187 293 1360 1583 1627 1788 1962 1994 2150 2283 2671 2978 3484 3542 4032 4978
72 669 1235 1623 1700 1743 2443 2593 2899 3047 3498 4844
112 528 1431 1489 1494 3173 3609 3868 4230 4492 4895
21 72 241 430 647 712 840 941 946 987 1135 1177 1470 1480 1546 1584 1841 2041 2180 2315 2422 2563 2931 2941 2996 3181 3352 3398 3438 3600 3613 3921 4094 4538 4859 4907 4930
299 338 369 490 608 714 983 1027 1172 1323 1462 1562 1566 1633 1708 1880 1893 1924 2065 2105 2219 2255 2317 2687 2909 3109 3409 3458 3518 3555 3608 3614 3729 3789 3814 3890 4300 4312 4451 4598 4684 4798 4810 4887 4931
352 637 745 800 842 1340 1522 2591 2814 3710 3884 3923 4063 4394 4598
172 174 250 964 991 1140 1704 2101 2901 2962 3118 3264 3556 3774 3966 4089 4253 4329 4497 4719 4732 4752
724 1267 1296 1688 1970 2003 2242 2855 2894 3221 3226 3257 3609 4215 4457 4895
78 83 145 154 310 475 642 791 1020 1291 1962 2345 3435 4177 4477 4906
1255 1536 1888 2816 3316 3324 3969 4220 4476 4485 4567 4944
221 358 396 530 815 1005 2512 2846 2989 3095 3475 3933 4353 4454 4904
1391 1491 1639 1787 1876 2445 3093 3111 3251 3604 3716 3846 3965 4455 4468 4561
907 929 1279 2093 2433 2564 2812 3163 3226 3810 3817 4319 4923
243 492 620 625 874 991 1066 1210 1287 1594 2111 2288 2975 3171 3240 3355 3420 3469 4032 4649 4672 4721 4800
180 251 801 905 988 1316 1343 1944 2697 2755 3493 3708 4144 4567 4608 4678
58 98 164 217 229 247 631 738 930 997 1040 1041 1095 1464 1620 1671 1729 1996 2034 2186 2196 2430 2513 2685 2785 2821 2863 3227 3347 3360 3394 3453 3468 3755 3835 3926 3970 3982 4032 4056 4115 4148 4295 4492 4508 4718 4927 4959 4976
298 779 1233 1238 1542 1711 1785 2247 2324 2779 2995 3164 3796 4201 4560
400 475 507 593 661 1526 1576 2229 2551 2656 2966 3117 3623 3675 3804 3827 4010 4756
7 234 462 647 826 838 882 883 1133 1424 1426 1557 1856 1982 2153 2237 2245 2294 2451 2712 2722 2806 2874 2972 3032 3113 3145 3228 3285 3394 3490 3684 3951 4322 4419 4516 4756
130 167 235 709 769 1243 1322 1653 1671 1797 1983 2240 2243 2262 2487 2591 2842 3033 3111 3207 3210 3211 3245 3342 3514 3541 3770 3818 3821 3861 3939 4053 4096 4100 4169 4218 4310 4432 4831 4854 4889 4956
560 1074 1278 1711 1915 2446 2573 2782 2878 2943 2956 3016 3159 3605 3610 4253 4258 4304 4527 4556
184 242 255 402 829 979 1211 1351 1584 2328 2450 2620 2640 2738 2933 3002 3103 3129 3198 3204 3468 3950 4328 4626 4748
7 12 44 312 472 572 594 1448 1724 1816 2181 2363 2710 2749 3111 3202 3297 3323 3609 4386 4388 4511 4692 4801
55 122 197 212 267 500 662 681 703 859 1443 1462 1631 1741 2039 2078 2142 2613 2784 3361 4026 4187 4333 4403 4675 4712 4798
327 374 2232 3006 3297 3448 4229 4401 4609 4671
697 888 995 1071 1375 1423 3069 3622 4103 4330 4664 4710 4808
60 135 788 806 984 1002 1201 1450 1500 1850 2079 2535 2830 4450 4684 4786
237 282 701 1295 1475 2435 2625 2636 3161 3586 3624 3772 4782 4907
5 278 383 609 673 729 841 883 1268 1396 1428 1429 1606 2162 2690 3032 3087 3245 3322 3478 3544 3547 3561 3624 3660 3664 3697 3741 3774 3880 4233 4383 4405 4439 4576 4669 4806 4898
319 617 736 757 769 1021 1135 1165 1430 1548 1665 1807 1837 2258 2284 2605 2634 2691 3001 3051 3239 3586 3738 3756 3859 4017 4107 4127 4296 4501 4603 4623 4730 4841
105 344 566 893 1031 1456 1570 2249 3005 3906 3975 4271
110 152 287 629 642 782 812 922 1042 1450 1615 1699 2164 2241 2525 2532 2551 2584 2637 2665 2880 3336 3521 4107 4255 4331 4472 4824 4995
98 112 184 193 309 343 595 984 1068 1254 1427 1504 1607 1657 2072 2076 2341 2428 2588 3013 3064 3149 3679 3792 4049 4084 4412 4727 4805 4993 4996
572 792 904 1031 1091 1127 1190 1392 1622 2543 3021 3085 3138 3341 3635 3688 4082
9 188 269 792 1397 1954 2295 2973 2981 3232 3559 3570 3956 4037 4304 4763 4767
285 392 620 738 748 933 1201 1334 1457 1500 1508 1769 1821 2130 2210 2682 3062 3107 3347 3448 3537 3587 3685 3791 3795 3816 3945 3955 4071 4224 4226 4407 4471 4677 4734 4885 4921 4955
44 518 1585 2090 2175 2300 3726 4004 4153 4191 4291 4628 4673 4910
453 503 609 611 647 673 854 930 952 1155 1317 1412 1492 1530 1846 2081 2283 2451 2472 2541 2883 3185 3370 3394 3409 3496 3618 3867 4197 4333 4517 4673 4718 4801 4997
457 625 987 1142 1364 1659 1678 1785 2320 2373 2553 2597 3161 3228 3379 3380 3410 3572 3765 3788 3803 3811 3952 3954 4150 4267 4362 4458 4506 4550 4599
233 523 574 598 915 1099 1150 1381 1496 1586 1744 2000 2087 2157 2223 2229 2234 2320 2553 3114 3517 4276 4425 4555 4569 4904
501 1112 1200 1314 1352 2539 2962 3005 3492 3830
533 596 1104 1315 1452 1463 1687 1790 1896 1953 2154 2863 2898 2949 3405 3556 3557 3618 3723 3904 4045 4105 4199 4336 4412 4626 4786 4798 4800 4884 4934
1448 1729 1906 2286 2477 2575 2591 2622 2777 2853 2970 3034 3243 3693 4593
265 306 599 619 713 821 906 937 1004 1467 1657 2016 2119 2122 2249 2373 2738 2773 2815 3135 3172 3472 4131 4239 4277 4540 4569 4642 4757 4825 4912
684 693 764 862 1088 1931 2009 2538 2934 3169 3274 3346 3588 3729 4805
239 551 727 810 863 972 1370 1440 1598 1735 2063 2074 2231 2258 2406 2711 2790 2901 3042 3718 4732 4954
16 479 487 879 1949 3297 4106 4355 4601 4714 5000
212 1003 1178 1370 1875 2752 3009 3225 3238 3465 4799 4944
156 474 792 892 1166 1481 1795 1956 1958 2701 2976 3022 3078 3138 3585 3660 3891
5 22 24 397 618 1039 1521 1557 1574 1596 1616 1888 2003 2417 2647 2775 3119 3133 3403 3533 3542 3950 4033 4077 4096 4384 4393 4509 4654 4669 4695 4734 4736 4788 4797 4851 4896 4936
282 401 503 1816 1889 1925 2044 2137 2306 2782 3098 3293 3574 3947 4436 4765
289 496 561 569 652 656 708 1306 1778 2298 2657 2708 2731 2968 3331 3934 4074 4582 4649 4877 4902 4916 4982
263 553 856 970 1209 1458 1467 1476 1801 1885 1977 2016 2053 2172 2330 2624 2858 3170 3229 3396 3404 3644 3782 3792 3825 3911 3917 4204 4278 4527 4623
89 247 1496 2177 2559 2900 3165 3688 4170 4332 4579
430 667 696 886 1158 1678 1696 1981 2246 2337 2378 2547 2554 2577 2579 2658 2712 2810 2970 2982 3031 3072 3109 3144 3250 3423 3754 3766 3789 3821 3829 3875 3991 4080 4109 4156 4245 4420 4610 4661 4697 4733 4745 4751 4758
168 190 249 555 777 950 993 997 1053 1072 1135 1181 1432 1717 2034 2371 2429 2590 2652 2756 2826 3057 3102 3181 3534 4014 4215 4266 4456 4639 4738 4939
115 262 281 304 469 488 499 770 874 932 1141 1161 1170 1178 1217 1246 1476 1520 1813 1844 2111 2184 2370 2449 2494 2601 2696 2700 2816 2835 2837 2843 2902 2962 3042 3176 3359 3400 3516 3642 3795 3969 4036 4149 4197 4308 4530 4532 4673 4949
310 378 412 470 516 524 767 782 1114 1438 1474 1728 1883 1974 2003 2140 2526 2535 3031 3316 3451 3519 3796 3797 4194 4295 4302 4600 4753 4879
98 554 1052 1078 1262 1360 2052 2248 4671 4982
107 129 202 228 284 442 528 679 810 862 906 969 1171 1200 1222 1377 1423 1560 1599 1723 2073 2097 2475 2498 2552 2750 2823 2942 3172 3348 3500 3516 3683 3714 3850 3906 4153 4154 4261 4453 4541 4642 4654 4882 4937 4940 4952
451 485 829 878 998 1367 1541 1606 1642 1673 2225 2253 2520 2861 3018 3118 3165 3208 3376 3380 3421 3596 3725 3840 3961 3989 4006 4246 4329 4433 4440 4502 4581 4695 4962 4971 4972 4983
271 1721 2523 2797 3256 3921 3957 4609 4763 4777
147 203 454 538 1004 1041 1181 1280 1466 1838 1855 2062 2162 2217 2858 3249 3445 3611 4078 4408 4650 4840 4916
157 390 461 508 677 712 912 915 1065 1495 1541 1758 1870 2071 2194 2215 2218 2246 2294 2337 2468 2828 2869 3010 3059 3286 3376 3546 3701 4125 4133 4257 4307 4485 4581 4668 4764 4982
732 837 1276 1591 1653 1850 2274 2336 2646 2716 3159 4026 4865
4 979 1451 1865 1945 1946 1961 2201 2221 2288 2501 2560 2929 3134 4076 4087 4309 4618 4804 4838
1 53 64 86 194 272 692 786 887 1226 1647 2012 2081 2085 2243 2312 2331 2897 2909 3019 3040 3066 3140 3182 3218 3285 3313 3540 3699 3915 4059 4086 4146 4241 4268 4283 4514 4887 4941 4973 4989
83 731 903 1159 1567 1768 2089 2395 2606 2653 2797 3585 3614 3730 3991 4276 4461
323 494 663 697 1344 2090 2955 3101 3257 3282 3324 3479 3910 3981 4033 4170 4193 4555 4690
540 593 604 1523 1820 2047 2376 2388 2501 3123 3385 3477 3569 3670 4103 4412 4551 4899
516 981 1030 1150 1249 1569 1581 1785 2031 2126 2647 3223 3306 3836 3993 4082 4094 4517 4768
183 452 575 588 923 1109 1119 1363 1404 1427 1797 1817 2032 2096 2111 2342 2408 2422 2492 2556 2566 2745 2957 2975 3098 3513 3615 4002 4015 4040 4119 4317 4443 4586 4605 4621 4785 4809 4877 4932
562 787 1094 1346 1633 2118 2335 2468 3100 3240 3774 4784
34 207 516 592 894 1048 1101 1296 1393 1652 2390 2474 2482 2518 2580 2649 2925 3060 3241 3373 3407 4079 4834
119 168 248 277 338 340 795 838 943 1189 1449 1720 2013 2040 2181 2200 2214 2216 2285 2303 2497 2692 2722 3115 3286 3843 4009 4063 4081 4557 4849 4954
196 345 496 871 1030 1083 1158 1777 1877 2090 2233 2363 2419 2535 2641 2731 2840 2842 3047 3110 3228 3423 3589 3703 3862 3916 4141 4167 4209 4273 4453 4519 4578 4634 4690 4898 4915
19 535 2102 2449 2718 3452 3531 3656 3757 4593
152 330 1186 1310 1729 2308 2350 3322 3569 4155
55 109 346 359 459 768 996 1107 1541 1562 1589 1653 1711 1747 1904 2482 2577 2683 2691 2816 2877 3059 3665 3696 3739 4265 4266 4271 4464 4480 4485 4535 4581 4614 4781 4933 4939 4988
32 111 672 697 704 858 863 891 1022 1116 1127 1227 1443 1695 1753 1851 2649 2875 2987 3020 3231 3523 3592 3719 3742 3795 3918 3958 4034 4088 4371 4427 4516 4568 4638 4653 4693 4824 4871
736 799 1418 1694 1712 1786 1952 2205 2624 2646 2990 3008 3154 3650 4293 4295 4633 4735
147 394 497 696 794 1047 1112 1576 1938 2173 2282 2542 2646 3066 3343 3536 3649 3699
54 568 628 1028 1033 1315 1608 1766 2617 3983 4385 4840
277 406 449 451 580 652 1097 1175 1921 1923 1926 2781 2787 2790 2854 3134 3416 3767 4191 4228 4644 4937
53 148 258 319 338 472 507 644 875 884 906 912 924 961 1240 1367 1377 1417 1686 1693 1737 1910 2092 2142 2232 2315 2352 2544 2594 2620 2828 2911 3271 3458 3495 3537 3943 4164 4197 4270 4351 4709 4741 4822 4849 4899 4952
789 925 1232 1241 1503 1669 2170 2277 2456 2755 3775 4351 4439 4452
515 723 735 1085 1293 1341 1542 1793 1882 1937 2016 2092 2371 2541 2755 3003 3194 3220 3283 3307 3580 3672 3721 3931 3998 4090 4466 4555 4659 4660 4746
68 132 315 803 1337 1426 1450 1510 2198 2382 2470 2873 2896 3230 3558 3560 3599 3697 3965 4186 4307 4311 4326 4494 4525 4617 4856
135 157 1895 2087 2137 2178 2309 2447 2938 3251 3780 4338
39 354 374 441 503 660 675 702 743 757 783 1065 1278 1394 1639 1663 1727 1821 2054 2091 2106 2164 2413 2483 2513 2560 2634 2737 2761 2928 2968 3136 3271 3808 3889 3941 4286 4395 4407 4687 4784 4792 4796 4903 4905 4918 4996 4999
282 335 796 956 1397 1830 1870 2046 2262 2461 2550 2613 2809 3259 3333 3362 3562 3884 4084 4744
78 201 242 468 514 571 655 699 718 768 1236 1373 1380 1501 1734 1766 1778 2160 2453 2508 2742 2851 2889 2982 3232 3237 3289 3664 3669 3722 3914 4149 4318 4345 4438 4452 4503 4614 4632 4638 4795 4919 4930
19 134 209 312 573 836 914 922 1166 1286 1355 1989 2136 2220 2343 3023 3125 3282 3350 3539 3574 3597 3638 3668 3784 3822 4208 4453 4740
218 340 711 773 971 1108 1292 1406 1567 1811 2022 2922 2953 3001 3088 3123 4013 4974
69 409 1464 1529 1712 2099 2607 2804 2979 3217 4755 4774 4818 4891
272 424 450 509 1086 1271 1274 1511 1658 2060 2530 2539 2868 2900 2916 2976 3323 3761 3894 4204 4206 4539 4582 4803
467 814 1704 1745 1800 1982 2047 2062 2170 2730 2741 3428 3770 4241 4589 4827
120 197 289 497 667 914 1042 1363 1411 1451 1712 1730 1777 1835 2086 2215 2390 2463 2553 2760 2773 2783 3459 3486 3536 3556 3610 3708 3764 3829 3890 4094 4156 4273 4351 4395 4472 4614 4624 4654 4864 4940 4958 4985 4986
18 104 468 643 699 700 709 714 825 832 857 892 1022 1095 1558 1750 1799 1914 2138 2259 2260 2293 2445 2467 2511 2529 2568 2694 2933 2936 3021 3037 3162 3220 3235 3267 3313 3342 3495 3510 3634 3775 3886 4117 4145 4583 4704 4712 4969 4990
59 273 736 789 908 932 1095 1254 1256 1368 1800 1941 2047 2420 2606 2640 2743 3323 3351 3549 3550 3626 3943 3951 3988 4192 4332 4373 4655
639 818 919 948 1576 2174 4166 4664 4671 4973
136 151 821 1152 1358 2136 2462 2825 3730 4137 4562 4899
450 457 1594 1875 1948 2288 2323 2334 2516 2783 2794 3183 3548 4205 4308 4343 4353 4817
572 1035 1051 1767 2558 3475 3747 3868 4047 4332 4751
238 470 484 683 793 1014 1743 1823 2014 2372 2593 2803 2843 3239 3274 3466 3830 3872 4396 4736 4967
125 163 225 277 476 528 724 1340 2142 2390 2525 2668 2756 2769 3370 3392 3474 4057 4496
364 378 448 677 943 1083 1085 1140 1213 1265 1560 1589 1625 1759 1850 1899 2143 2287 2419 2493 2787 2793 2852 2941 3052 3707 3769 3783 3927 4097 4260 4348 4357 4369 4397 4488
205 218 479 756 1196 1416 1452 1533 1802 1844 2331 2442 2623 2896 2946 3439 4161 4225 4316 4330 4349 4481 4979 4995
25 115 294 857 1198 1246 1261 1319 1356 1410 1488 1599 1675 2235 2597 2717 2790 2833 3030 3063 3091 3099 3155 3190 3197 3206 3211 3239 3466 3624 3808 3912 4012 4017 4303 4312 4320 4366 4437 4444 4452 4676 4677 4740 4755 4853 4879 4880 4960 4992
100 332 345 408 774 1199 1470 1881 2435 2821 2972 3013 3577 3844 4022 4451 4530 4579
139 307 808 1213 1807 1973 2531 3266 3558 3681 4129 4448 4551 4830
45 121 262 304 579 721 851 859 897 1123 1217 1436 1639 1862 2001 2225 2264 2402 2466 2484 2491 2929 2938 2960 3078 3244 3296 3309 3547 3704 3717 3745 3781 3848 3988 4102 4177 4291 4637 4643 4692 4731 4753 4823 4890 4964
103 1268 1464 1730 1791 1803 2052 2254 2439 2446 2600 2823 3506 3984 4583 4720 4846
39 102 156 504 602 822 909 963 1048 1196 1362 1469 1582 1587 1716 1920 2018 2148 3129 3232 3376 3386 3786 4415 4493
229 287 389 556 772 1073 1079 1155 1260 1284 1285 1338 1423 1589 2170 2193 2383 2674 2686 2718 2842 3216 3519 4060 4228 4343 4362 4379 4441 4461 4556 4646 4895 4912 4989
907 1005 1851 2053 2117 2156 2186 2783 2791 3118 4175 4339 4891
146 321 427 908 1177 2147 3137 3859 4190 4543 4801 4927
63 120 295 336 365 394 412 509 621 924 930 967 1023 1111 1297 1308 1634 1782 1836 1863 2045 2268 2378 2636 2822 2948 3280 3485 3650 3666 3790 4122 4347 4395 4572 4661 4691 4692 4794 4890 4892 4933 4947 4976 4986
297 301 365 674 840 1060 1256 1554 2296 2596 2794 3105 3124 3448 4069 4121 4490 4752
215 253 741 1002 1023 1236 1317 1564 1719 1902 2147 2151 2489 2625 2874 2955 3079 3568 3817 4356 4578
35 127 448 453 488 934 1076 1149 1164 1173 1878 1975 2040 2094 2311 2872 3095 3210 3580 3874 3920 3937 4511 4633 4658 4699 4710 4828 4998
443 462 1132 1355 1366 1663 2156 2810 2819 2927 3019 4167 4909
123 158 189 275 329 392 599 683 738 833 896 984 1318 1416 1701 1763 1860 1964 2295 2375 2439 2583 2717 2856 2986 3315 3515 3597 3607 3638 3742 3799 3910 3949 4048 4095 4214 4251 4501 4541 4650 4705 4984 4991
26 685 2092 2189 3356 3563 3784 3921 4055 4237 4625 4741 4978
76 83 239 707 1139 1227 1666 1667 2086 2243 2468 2549 2644 2875 3006 3007 3128 3153 3253 3381 3547 3554 3620 3744 3810 3835 3910 3983 4000 4013 4057 4076 4081 4504 4575 4610 4752 4822
191 205 585 754 1276 1918 2086 2529 2533 2562 2571 2579 2767 3177 3410 3497 3644 4156 4168 4270 4625 4689 4838
183 247 561 683 746 808 832 964 969 1120 1131 1299 1350 1498 1517 1723 2331 2460 2554 2637 2718 2807 2814 2974 3266 3290 3307 3369 3461 3499 3723 3861 3975 4102 4192 4219 4288 4310 4913 4917 4929 4963
73 120 133 145 216 437 452 530 574 717 723 753 799 1026 1058 1105 1187 1227 1233 1368 1383 1435 1628 1730 1825 2126 2232 2248 2400 2444 2653 2722 3074 3404 3419 3640 4038 4224 4377 4441 4670 4687 4715 4823 4889
391 615 1065 1360 1515 1989 2165 2315 2398 2563 2744 2762 3010 3198 3270 3405 3543 3754 4034 4107 4145 4222 4238 4294 4417 4562 4842 4866 4981
367 531 1125 1196 1438 2018 2393 2556 3681 4563
200 366 407 641 786 1117 1158 1269 1291 1673 1691 1899 2096 2255 2263 2493 2549 2669 2707 3149 3210 3420 3534 3539 3559 3753 3955 4052 4152 4179 4251 4418 4419 4465 4467 4635 4666 4747 4869
130 197 217 301 342 551 564 582 769 1206 1223 1255 1304 1383 1555 1742 2156 2557 2679 2749 2953 3036 3252 3438 3471 3551 3562 3592 3717 3747 4009 4011 4081 4118 4144 4255 4375 4394 4699 4726 4864 4889
324 432 804 1093 1096 1532 1725 2377 3932 4165 4175 4442 4447 4754
236 305 549 727 900 1110 1635 3681 3930 4494
6 79 81 92 170 249 428 506 561 1237 1656 1715 1722 1731 1766 1807 2127 2190 2239 2322 2445 2532 2968 3099 3104 3143 3217 3265 3415 3545 3737 3744 3793 4116 4133 4268 4285 4408 4450 4520 4594 4811 4864 4871 4883 4903
43 84 142 417 432 441 689 1176 1251 1318 1449 1476 1512 1533 1740 1794 1797 1829 1937 2033 2303 2523 2963 3201 3462 3799 3938 3968 4446 4480 4919
38 321 506 538 581 617 897 947 1218 1266 1640 1673 1741 1802 1867 1988 2015 2080 2182 2767 2776 2788 2827 2955 3137 3156 3235 3543 3558 3607 3655 3707 3714 3756 4011 4029 4057 4292 4413 4491 4512 4520 4615 4670 4799 4964
165 208 382 402 1151 1364 1587 1777 2088 2620 2663 2939 3026 3215 3349 3395 3430 3431 3489 3525 3528 3860 3955 4050 4772
517 519 732 821 903 1285 1480 1874 1902 1979 2480 2563 2666 3048 3269 3588 4244
823 908 1103 1486 1767 1821 1914 2036 2046 2442 2727 2743 2772 2935 3719 3896 4194 4254
200 318 567 665 951 1106 1126 1131 1251 1279 1461 1485 2302 2544 2562 2602 2879 2887 3402 4095 4141 4160 4618
93 99 396 433 835 1549 1609 1644 1672 1810 1963 2610 3391 3623 3735 3978 4073 4143 4213 4230 4314 4514 4585
25 115 235 465 563 708 824 1017 1133 1217 1241 1276 1520 2543 2696 2709 2746 2829 2831 2837 2847 2950 2983 3106 3342 3409 3461 3466 3529 3583 3627 3746 3823 3949 4059 4097 4099 4185 4229 4231 4242 4371 4389 4405 4416 4493 4568 4735 4741 4784
61 427 1718 2422 2530 2590 2916 3387 4691 4841
347 667 918 1061 1714 1996 3829 3895 3918 4141
28 1298 1371 1971 2377 3148 3747 4076 4257 4573 4575
111 207 366 993 1165 1345 1761 2179 2237 2548 2811 2916 2966 3270 3393 3563 3594 3657 3734 3885 3939 4054 4167 4281 4424 4521 4596
302 328 758 827 873 1098 1156 3310 3644 4047 4506
585 724 1031 1235 1511 1545 1707 1769 1837 2042 2328 2366 2595 2994 3026 3324 3689 3786 4066 4073 4457 4477 4503 4518 4728 4809 4846
138 220 264 281 304 481 510 833 1093 1321 1377 1392 1502 1550 1760 2026 2041 2335 2341 2393 3145 3180 3336 3552 3604 3728 3736 3943 3952 3996 4262 4542 4568 4582 4637 4767 4826 4959
48 241 819 839 1823 2123 2492 2679 2889 3495 3595 3610 4028 4104 4155 4270 4616 4703 4858 4865 4867
589 626 756 770 1090 1153 1243 1374 2516 2643 2961 2997 3246 3332 3893 3983 4127 4134 4193 4221 4266 4286 4635 4698
660 702 1225 1505 1574 1764 2450 2796 2832 3453 3567 3960 3998 4077 4116 4226 4339 4487 4528 4650 4786
144 447 567 593 1099 1101 1195 1371 1459 1713 2133 2296 2707 2928 3027 3056 3408 3584 4240 4561 4737 4906 4929
68 278 293 322 768 986 1232 1291 1351 1424 1489 1609 1810 1972 1974 2839 3122 3257 3584 3668 3843 3866 4301 4315 4470 4528 4619 4627 4779 4790 4959 4974
190 325 334 739 806 807 871 1038 1084 1453 2163 2613 2665 2770 2865 3016 3267 3358 3549 3947 3960 4276 4448 4779 4859 4891
459 496 707 759 789 905 2477 2485 2789 3029 3069 3878 3945 4480 4930
422 500 1049 1247 1337 2193 2351 3286 3441 4050 4243 4573 4907 4934
319 339 341 453 541 548 703 770 824 1241 1249 1250 1340 1510 1602 1874 2080 2154 2218 2275 2367 2375 2612 2675 2943 3266 3527 3651 3677 3719 3982 4019 4095 4288 4398 4416 4423 4446 4497 4638 4794 4867 4967 4968
343 511 618 853 1082 1088 1253 1740 1928 2181 2350 2714 2939 3078 3333 3390 4783 4789
178 345 644 795 1374 1407 1516 1527 1566 1619 1750 1751 1820 1825 1864 2039 2069 2164 2324 2902 3236 3356 3441 3772 3893 4037 4300 4355 4375 4385 4541 4645 4703 4841 4922 4929
381 623 663 718 813 1194 1230 1268 1345 1366 1454 1748 1981 1987 2119 2260 2292 2389 2399 2641 3052 3184 3202 3224 3301 4252 4282 4298 4515 4672 4742 4773 4803
71 246 443 996 1279 1536 1562 1622 2001 2469 2792 2908 3030 3737 3739 3746 4091 4806 4808
1018 1130 1170 1185 1391 1535 1573 1600 2204 2399 2670 2965 3406 3825 3864 3915 4442 4683 4758
522 546 705 1141 1248 1461 1808 2293 2490 2515 2901 3203 3718 3999 4073 4116 4237 4243 4454 4469 4535 4732
37 111 384 435 473 502 555 641 812 909 920 957 958 1088 1880 1912 2001 2007 2188 2230 2249 2729 2763 2852 2890 2947 3091 3148 3238 3462 4396 4460 4508 4663 4744 4747 4769 4782 4890
278 329 664 746 1422 1737 2311 2890 3360 3971 4305 4537 4593
25 875 1236 1527 1939 2061 2526 2624 2650 3077 3459 3777 4770
216 447 583 600 630 805 825 949 1020 1209 1301 1703 1713 1755 1873 2032 2215 2322 2349 2492 2670 2824 2843 3066 3089 3225 3312 3456 3593 3778 4119 4218 4400 4558 4675 4691 4762 4811 4867 4919
1258 1858 1916 1966 2079 2143 2187 2206 2501 2633 2679 4476 4900
360 631 964 1366 1394 1433 2119 2449 2643 2944 3054 3530 3581 3600 3893 3995 4018 4203 4296 4299 4355 4506 4958 4968
39 99 224 275 650 676 835 876 947 1051 1296 1798 1882 2004 3250 3507 3690 3811 3825 3891 3905 4108 4683 4684 4699 4909
29 31 204 237 383 411 472 541 904 1097 1129 1163 1314 1463 1582 1648 1693 1882 2320 2873 2895 3102 3235 3238 3295 3488 3691 3757 3771 4012 4041 4474 4490 4563 4564 4589 4903 4950 4957
260 589 696 846 919 958 1075 1080 1267 1328 1354 1361 1923 1966 2051 2237 2588 2741 2985 3607 3628 3645 3752 3830 3869 3895 3984 3985 4019 4047 4117 4261 4410 4526 4534 4876 4951 4995
403 1080 1265 1661 2070 2172 2496 2537 2883 3069 4214 4708 4716 4764 4881
85 246 300 400 1009 1060 1100 1183 1567 1762 1786 1952 2078 2791 2849 2862 2966 3433 3513 3545 3578 3716 3740 3905 3947 4381 4388 4527 4602 4728 4884
49 256 620 670 864 2344 3223 3445 3855 4717
78 275 470 642 751 825 965 1762 1891 1909 2333 2394 2420 2693 2733 2757 2888 2927 2963 3171 3275 3417 3511 3750 4091 4112 4317 4394 4707 4770
267 464 585 891 1046 1252 1700 2140 2166 2353 2511 2643 2938 3195 3309 3437 3687 3874 4067 4428 4505 4526 4698 4768
367 505 777 998 1456 1680 2201 2657 3060 3220 3430 3441 3662 4461
688 1365 1408 1540 1614 2177 2607 2924 3054 3175 3199 3269 3302 3709 4525 4720 4966
119 297 983 1421 1764 1830 2081 2490 2573 2782 3277 3287 3389 3513 3871 3954 4004 4641 4730 4887
406 786 843 853 881 1086 1988 2688 2693 2735 2892 3225 3511 3566 3613 3656 3899 3987 4135 4447 4511 4627
49 64 172 253 563 619 848 1106 1137 1182 1272 1481 1908 2104 2208 2365 2401 2454 2696 2814 3009 3050 3061 3092 3174 3315 3334 3335 3355 3447 3526 3597 3612 3634 3896 4316 4356 4392 4493 4586 4615 4630 4648 4651 4750 4836 4850 4882 4914 4994
63 169 336 360 400 418 550 783 876 981 1009 1055 1148 1245 1282 1560 1741 1852 1932 2032 2218 2256 2367 2556 2557 2708 2713 2725 2834 2920 2971 3011 3033 3091 3331 3543 3819 3906 4003 4230 4277 4342 4560 4634 4694 4773 4803 4943
134 177 208 419 750 881 1320 1412 1775 3173 3577 3615 3885 4754 4846
175 849 1131 1210 1919 1993 2151 2618 2636 2778 2852 4085 4120 4762
1345 1470 1798 1818 2085 2890 3201 3636 3734 4108 4705
185 239 440 537 2023 2024 2310 2349 2354 2854 3024 3379 3574 3579 3911 4126 4129
260 320 983 1272 2037 2157 2654 2772 3031 3147 3493 3647 3782 3822 3828 3883 4204 4532 4923
155 1077 1306 1317 1641 2004 2112 2149 2195 2459 3102 3650 4329 4858 4879
95 182 373 481 657 973 1039 1144 3764 4151 4881
255 261 432 463 548 629 705 788 985 1134 1189 1644 1672 1738 1811 2102 2162 2220 2344 2491 2685 2905 2907 2984 3024 3355 3604 3622 3844 4023 4039 4071 4172 4219 4246 4302 4323 4326 4356 4370 4417 4500 4631 4632 4709 4766 4773 4818 4926 4954
698 1090 1390 1751 1812 2122 2316 2732 2758 2856 2877 3085 3104 3449 3897 4023 4149 4215 4721 4759
249 569 870 1118 1413 2034 2124 2355 2450 3432 3724 3834 3909 3995 4027 4033 4165 4245 4459 4858 4983
88 244 248 911 1351 1616 2137 2143 2203 2291 3120 3484 3510 3634 4006 4373 4847
46 161 328 991 1192 1901 2567 2792 2882 3267 3699 3712 3962 4137 4678
132 604 618 806 897 959 1105 1154 1218 1257 1338 1393 1638 1791 1830 2152 2339 2497 2739 3026 3147 3316 3443 3742 3766 3789 4478 4588
96 167 202 444 452 635 637 655 801 810 867 916 1090 1594 1615 2129 2220 2228 2257 2289 2384 2725 2767 2932 2975 3285 3315 3379 3415 3521 3554 3839 3940 4016 4062 4338 4393 4481 4613 4746 4800 4835 4856
110 228 411 678 891 1069 1278 1385 1736 2600 4182 4579 4900
227 414 440 666 814 1689 1710 1796 2008 2031 2299 2528 2586 2690 2817 2944 3002 3480 3616 3963 4677 4853 5000
51 348 437 500 587 695 928 960 1137 1252 1336 1369 1421 1713 1816 2025 2474 2726 3318 3461 3783 4121 4169 4255 4488 4658 4795 4965
137 216 306 626 678 934 951 1041 1211 1341 1716 1754 1877 1997 2364 2574 2804 2994 3548 3631 3671 3783 3939 4067 4170 4301 4632
571 1097 1259 1329 1410 1414 1706 2681 2956 3052 3941 4324 4900
610 1332 1481 1921 1955 2227 2325 2819 3119 3200 3512 4074 4166 4296 4906
68 583 678 1182 1804 2123 2133 2266 2720 3334 3458 3704 3843 4002 4233 4852
460 507 876 931 1806 1852 2393 2549 2835 3481 3816
147 166 212 248 399 431 619 690 1182 1326 1411 1455 1967 1972 2240 2248 2593 2597 2630 2668 3022 3328 3423 3706 3873 4331 4558 4652 4696 4927
421 1479 1761 1796 2071 2200 2285 2430 2467 2479 2838 2949 3560 4386 4526 4597 4719
608 850 1215 1315 1442 1738 2103 2255 2280 2594 3042 3132 3299 3399 4161 4287
101 982 1370 1587 1672 2108 2338 2341 2885 3002 3006 3092 3203 3749 3827 3993 4119 4133 4573 4634 4668 4910 4944
153 831 1011 1028 1190 1884 1983 2037 2054 2134 2374 2496 2698 3165 3182 3271 3290 3444 4036 4227 4428 4713 4762 4840
170 198 450 591 883 936 1394 1496 1890 2312 2522 2572 2893 3035 3150 3159 3622 3666 3974 4069 4368 4742 4768 4909
622 895 900 993 1444 1531 1565 1720 2123 2210 2278 2426 2510 2673 2867 2979 3070 3107 3194 3224 3334 3848 3926 3971 3972 4055 4075 4235 4304 4320 4765 4880 4932
379 404 464 490 843 1284 1637 1823 1856 2349 2415 2756 3625 3985 4574 4678
708 772 1030 1465 1636 1657 1760 1985 2166 2432 2788 2836 2940 3061 3227 3234 3336 3371 3615 3626 3642 3817 3821 4061 4067 4160 4244
240 276 364 368 596 836 1265 1720 1775 2174 2209 2388 2632 2657 2799 2865 3136 3234 3249 3287 3381 3482 3584 3769 3803 3850 3907 3919 4375 4475 4509 4549 4601 4636 4759 4820
444 534 624 686 809 898 939 1017 1106 1343 1520 2051 2100 2273 2423 2734 2970 3049 3253 3282 3335 3907 3996 4184 4977
416 1408 1465 1999 2018 2647 2841 2985 3218 3357 3434 3870 4061 4201 4326 4575 4921
17 449 643 718 848 1843 2412 2569 4021 4059 4497 4966
1056 1109 1309 1431 1443 1454 1553 1568 1571 1633 2540 2639 2793 3147 3177 3412 3428 3664 3741 3768 3802 3812 3898 3932 3987 4111 4126 4280 4370 4427 4774 4851 4949
245 308 1348 1387 1509 1887 1898 2346 2551 2616 2795 3338 3366 3403 3732 3751 4075 4124 4135 4243 4629 4810
158 1590 1654 2083 2116 2269 4101 4131 4214 4260 4629 4862
140 388 464 522 1040 1239 1399 1738 2229 2346 2765 3726 3833 4142 4365 4454 4613
262 976 1111 1339 1474 1796 2019 2592 2681 3581 4253 4668 4749
1117 1234 1612 1664 1871 2292 2318 2667 2893 2979 4285
117 448 521 728 845 1525 1563 1980 2499 2736 2739 2750 2983 3135 3564 4416 4687 4908 4926
93 131 293 402 441 567 646 722 901 919 1016 1044 1294 1703 1742 2606 2640 2697 2928 3375 3599 3603 3934 4104 4212 4283 4434 4545 4601 4607 4659 4814 4826 4843 4876 4928
30 51 970 1066 1100 1252 2185 2203 2427 2583 2801 3054 3075 3288 3304 3348 3582 3647 4236 4247 4262 4484 4569 4640 4712 4771 4967
85 844 975 1005 1844 1949 1965 2312 2352 3056 3310 3372 3490 3535 3614 4198 4885
238 604 1048 1155 1555 1679 1727 1921 2699 2823 2853 2987 3127 3129 3249 3274 3318 3387 3727 3776 3923 4098 4135 4349 4360 4451 4536 4808
32 132 246 420 550 583 706 1342 1849 2035 2413 2518 2855 2885 2926 3113 3529 3637 3851 4155 4343 4783 4952
7 129 148 168 171 202 350 436 679 699 1002 1050 1163 1619 1632 1727 1840 2102 2203 2279 2479 2531 2583 2690 3027 3212 3224 3395 3429 3462 3564 3653 3686 3689 3727 3763 3890 4010 4070 4260 4280 4528 4537 4544 4737 4910 4998
522 596 649 1148 1605 1992 2910 2945 2946 2980 3059 3153 3182 3276 3321 3404 3678 4186 4211 4525 4908
265 612 950 1218 1267 1886 1915 2071 2257 2324 2416 2427 2500 2637 2807 2915 3108 3227 3234 3523 3638 3697 3744 3998 4334 4357 4637
376 476 578 633 755 913 1112 1756 1833 2199 2400 2667 2698 2727 2980 3305 3438 3824 4370 4405 4730
494 544 1263 1272 1616 1646 1649 1682 1716 1946 2052 2122 2139 2219 2350 2840 2937 3205 3295 3447 4074 4114 4434 4481 4827 4915
43 498 884 893 1168 1390 1533 2012 2053 2344 2375 2619 2681 2693 2739 2754 2762 4120 4122 4289 4318 4558 4862
21 742 814 926 1556 1666 2114 2118 2483 3010 3191 3545 3566 3647 3702 3707 4218 4292
221 526 538 626 735 777 901 1022 1085 1092 1103 1165 1170 1344 1371 1538 1872 2100 2409 2652 2719 2811 2882 2960 2986 3046 3410 3656 3769 3805 4012 4013 4101 4126 4189 4391
670 871 886 1102 1559 1608 1940 2050 2125 2488 2891 3143 3278 3498 3515 3907 3944 4065 4123 4226 4337 4362 4496 4812 4994
431 719 723 795 955 1120 1180 1771 1775 1784 1860 2748 3258 3467 3571 3642 3798 3816 3826 3873 4151 4311 4535 4898 4928 4965
336 397 427 600 651 721 989 1042 1249 1306 1536 1640 1670 1735 1758 1841 1933 1959 2048 2163 2175 2458 2495 2763 2956 3349 3358 3475 3501 3577 3976 4096 4123 4174 4387 4658 4767 4886 4936
394 657 771 823 1115 2262 3905 3923 4717 4753
153 398 492 529 753 877 1138 1142 1304 1389 1510 1814 1820 1825 1977 2004 2085 2159 2505 2524 2678 2695 2791 2882 2952 2987 2996 3073 3308 3546 3690 3892 3934 3953 4097 4101 4229 4251 4283 4306 4662 4797 4859 4874 4913
109 124 884 1359 1483 1618 1739 2781 2946 3496 4039 4476 4769
4 443 749 837 1245 1374 1390 1984 1996 2684 2758 4536
49 154 579 875 968 1080 1123 1219 1309 1335 1445 1615 1676 1686 1743 1829 1915 2236 2287 2332 2554 2603 2659 2817 2889 2909 2991 3075 3112 3222 3233 3263 3481 3491 3623 3636 3683 3718 3904 3924 4085 4193 4210 4254 4323 4547 4588 4613 4631 4870
652 682 739 1157 1435 1746 2857 2876 3020 3265 3823 4369 4980
22 268 359 539 584 649 775 843 1761 1774 1800 2545 2687 2691 3138 3373 3899 4082 4379 4810 4977 4987
64 423 695 1584 1747 2020 2027 2120 2130 2502 3693 4004 4127
193 217 263 324 381 628 634 828 909 966 1025 1232 1254 1506 1528 1769 1852 1963 1987 2431 2440 2479 2585 2677 2738 2881 3001 3085 3104 3483 3520 3986 3994 4200 4236 4249 4479 4612 4835 4837 4996
58 176 341 644 838 913 1160 1183 1323 1412 1506 1513 1643 1750 2069 2109 2607 2686 2781 2811 3097 3419 3459 3498 3636 3712 3928 3930 4026 4056 4130 4138 4162 4250 4577 4655
121 359 478 2292 3195 3375 3484 4091 4319 4608 4804 4940
169 291 367 726 1015 1104 1665 1779 1906 1941 2184 2488 3039 3158 3387 3435 3508 3693 3967 4153 4447 4468 4701 4842 4928
469 627 657 674 712 1138 1460 2039 2043 2297 2487 2904 2940 3349 3405 3569 3600 3712 3782 3882 3992 4216 4350 4404 4585 4616 4646 4698 4987
66 200 270 902 1349 1789 2055 2265 2340 2369 2428 2792 3245 3425 3457 3698 3810 3842 3935 3952 4015 4428
146 170 790 877 1032 1324 1427 1578 1625 2362 2907 2917 3412 4312 4389 4744 4794
70 183 279 1330 1432 1437 1480 1662 1853 1981 2328 2347 2596 2651 2659 2699 2797 2798 2809 2952 2971 3016 3151 3204 3281 3456 3687 3728 3878 3896 4009 4022 4099 4129 4290 4531 4608 4679 4723 4980
368 461 927 1079 1243 1398 1430 1561 2287 2546 2888 3482 3988 4148 4806
23 303 384 798 1432 1656 1835 1897 2238 2576 2922 3329 3485 3803 4121 4487 4818
159 286 733 1070 1081 1342 1462 1903 2017 2475 2764 2980 3092 3126 3160 3587 4063 4201 4211 4549 4674
612 1064 1161 1174 1266 1734 1868 2088 2431 3036 3490 3739
31 145 381 868 977 1063 1578 1913 2224 2439 2452 2608 2913 3119 3168 3254 3501 3563 3721 3833 3850 3985 4173 4310 4336 4495 4589 4641 4660 4791 4880 4974 4981
67 126 808 1079 1181 1285 1312 1364 1439 1700 1922 1931 2070 2240 2271 2398 2436 2469 2671 2870 2880 2881 3402 3511 3512 3554 3565 3651 3658 3667 3763 3784 3853 3863 3877 3963 4062 4182 4385 4386 4458 4482 4563 4597 4600 4619 4756 4787 4827 4942
50 346 677 706 730 1180 1225 1287 2400 4003 4328 4639 4749 4856
471 728 1033 1176 1473 1493 1939 2261 2417 2594 2774 3322 3440 3627 4199 4307
143 179 237 491 535 544 935 1103 1127 1154 1431 2628 3209 3524 3662 3813 3852 3931 3972 4157 4659 4718
199 341 1144 1270 1579 1596 1600 1733 1889 1905 1906 2323 2609 2661 2944 3295 3335 3382 3417 3630 3925 4023 4269 4318 4364 4423 4643 4822 4847 4866
466 484 631 1013 1213 1383 1577 1880 1975 2114 2183 2282 2323 2771 3509 3741 3748 3874 3912 3964 4029 4043 4131 4258 4379 4507 4559 4580 4700 4734 4805
86 221 355 366 395 662 1193 1384 1418 1848 2602 2704 2848 3258 3268 3301 3416 3575 3632 4259 4294 4309 4346 4427 4494 4580 4628 4647
436 788 933 1104 1537 1625 1724 1758 1815 1877 2298 2372 2410 2511 2534 2804 2950 2964 3098 3598 3680 3847 3927 4016 4222 4393 4414 4483 4623 4656 4701 4722 4845 4863
420 1018 1238 1648 1693 1751 1784 1936 2037 2184 2455 2631 2677 3020 3378 3616 3751 3766 4050 4132 4341 4429 4434 4543 4544 4961
42 148 186 384 612 945 1457 1539 2704 3970 4190 4599
623 628 767 994 1551 1702 1860 2907 3445 4052
357 459 764 776 981 1402 1747 1858 1987 3086 3317 3331 3455 3573 3654 3687 3777 4364 4442 4874 4975
90 208 406 435 506 881 1398 1418 1809 2420 2849 2923 3109 4364 4871
27 95 228 525 541 595 599 878 942 1295 1444 1451 1677 1867 1888 2064 2239 2622 2625 2687 2855 2965 3077 3121 3190 3195 3278 3602 3902 3941 4174 4195 4333 4408 4519 4520 4711 4770 4961
27 289 306 656 710 747 1100 1169 1242 1344 1367 1487 1699 1975 2062 2222 2940 2942 3071 3148 3435 3716 3794 3936 4117 4306 4629 4672 4765 4775 4964
154 557 655 922 928 1028 1074 1096 1542 1555 1659 1698 1778 1911 2403 2598 2603 2641 2720 2759 2789 2875 3012 3044 3134 3248 3273 3413 3538 3570 3616 3839 4068 4185 4316 4340 4358 4482 4505 4758 4851 4874 4978
494 1001 1015 1356 1386 1608 1786 1811 1883 2118 2224 2337 2464 2505 2669 2763 3219 3345 3431 3510 3641 3676 3849 3956 3980 4006 4036 4159 4381 4615 4641 4683 4709
566 595 687 720 778 872 892 1154 1197 1388 1582 1613 1620 2910 2984 3304 3341 3572 3800 4303 4630 4804 4817
149 337 1101 1408 1411 1445 1759 1870 1926 2148 2356 2616 2653 2708 2727 2744 2828 3216 3433 3451 3483 3855 4199 4308 4330 4590 4667 4815 4941
205 812 861 1815 1827 1982 2522 2833 2926 3668 3755 3823 3844 4339 4448 4706 4714 4789
146 283 658 899 979 1087 2411 3107 3163 3451 3904 4220 4642
287 632 671 694 904 933 1396 1685 2087 2116 2615 2830 2910 2967 3353 3555 4826
40 47 259 351 495 780 1024 1313 3926 4211 4319
252 334 387 597 721 753 757 801 917 968 1138 1149 1223 1269 1311 1426 1575 1705 1782 1853 2013 2145 2458 2582 2836 2903 2994 3226 3313 3542 3786 3956 4046 4202 4236 4496 4556 4595 4694 4777 4816 4852 4904 4923 4957
19 332 386 513 1129 1199 1413 1514 1547 1735 1941 2054 2116 2282 2321 2359 2467 2558 2627 2684 2749 2766 2941 2942 2945 3053 3150 3196 3327 3356 3360 3516 3694 4016 4092 4106 4190 4254 4363 4381 4388 4445 4514 4743 4885
313 370 833 980 1040 1144 1212 1256 1400 1485 1603 1640 1831 1839 1862 2046 2065 2250 2497 2557 3083 3186 3452 3522 3780 3870 3876 3930 3980 4015 4248 4328 4378 4464 4517 4519 4571 4688 4868 4902
131 527 741 857 885 1017 1482 1835 1892 1967 1991 2233 2457 2742 3082 3122 3815 4085 4690
110 324 362 1121 1136 1238 1467 2357 2523 2600 3424 3776 4705 4769 4834 4956
116 272 437 476 547 787 887 951 974 1194 1528 1632 1782 2011 2041 2426 2503 2543 2544 2588 2743 2960 2993 3070 3437 3464 3551 3639 3673 3686 3746 3773 3995 4108 4354 4371 4524 4666 4748 4830 4861
468 587 606 725 741 2352 2493 2752 3403 3969 4936
542 640 992 1695 1828 1859 2386 2662 2750 3043 3150 3900 4248 4415 4772
20 439 1307 1776 1968 1972 2304 2365 3764 3937 4109 4407
21 85 94 95 190 193 270 354 358 395 449 630 744 783 1015 1038 1039 1058 1398 1500 1523 1597 1604 1829 1919 1977 2013 2144 2313 2322 2834 2850 2936 2981 3117 3406 3521 3723 3761 3915 3963 3975 4030 4352 4469 4680 4916 4953
241 1124 1631 1723 3039 3381 3950 4120 4224 4244 4716 4999
861 1111 1430 1556 1875 1976 2138 2474 2599 2622 3117 3557 3575 3590 3940 3945 4488 4912
56 234 318 332 552 841 869 886 1014 1018 1167 1176 1210 1239 1499 1819 1986 1989 2363 2531 2565 2847 3080 3108 3189 3191 3437 3442 3727 3794 3839 4010 4100 4144 4268 4338 4670 4766 4793 4833 4970
82 86 226 318 340 923 990 1051 1058 1626 1791 1967 2021 2358 2430 2788 2988 3055 3193 3194 3294 3682 3965 4025 4194 4457 4628 4965
31 360 1762 1826 2002 3160 4293 4341 4484 4501 4957 5000
32 60 836 965 1120 1130 1140 1203 1341 1343 1401 1840 1907 1995 2276 2365 2675 2784 3013 3056 3141 3174 3223 3269 3420 3460 4021 4136 4293 4368 4443 4510 4554 4735 4736 4854 4911 4975
358 445 673 837 1242 1630 1642 1894 2056 2167 2570 2776 2959 3292 3846 4567 4570 4721 4848 4985
22 374 461 466 565 1023 1114 1363 1488 1489 1934 2051 2128 2642 2965 2981 3079 3094 3380 3501 3838 3888 4053 4103 4140 4169 4321 4323 4380 4382 4612 4694 4702 4746 4778 4861
141 1472 1651 1697 2361 2367 2550 2779 3198 3446 3453 3502 3570 3626 3837 4574 4755 4877
73 434 762 1020 1378 1409 1440 1552 2110 2233 2379 2425 2443 2490 2626 3032 3146 3496 3576 3621 3731 3859 4021 4344 4439 4509 4560 4643 4717 4987
258 370 489 545 603 1029 1214 1824 1837 1951 2779 3481 3625 3660
301 308 425 580 615 1338 1578 1628 1984 2216 2307 2469 2629 2689 2820 2893 2950 3014 3253 3805 3873 3987 4369 4606 4611 4616 4665 4792 4934
242 353 555 563 722 870 1356 2131 2684 2819 2872 2939 2949 3145 3310 3832 3924 4242 4404 4719 4771 4921 4999
41 270 328 483 509 797 820 834 1167 1194 1260 1484 1501 1534 1695 1889 2066 2098 2303 2530 2560 2617 2675 2732 2784 2846 2972 3022 3398 3523 3553 3557 3679 3846 4123 4158 4431 4516 4710 4754 4811 4838 4897
307 395 1255 1357 1397 1410 2063 2113 2473 2662 3045 3431 3793 4003 4143 4807 4979
119 878 926 1137 1325 1764 1950 2005 2077 3154 3632
405 533 998 1060 1117 1441 1822 1957 2207 2209 2270 2568 2707 2724 2751 3260 3288 3463 3652 3679 3836 3885 3901 3989 4045 4084 4087 4464 4591 4592 4853 4875
97 231 841 1045 1229 2029 2163 2409 2517 2885 3632 4291
58 309 310 456 466 643 767 1043 1057 1062 1093 1113 1147 1435 1734 1817 1900 1974 2011 2107 2252 2260 2284 2314 2357 3079 3112 3268 3857 4186 4463 4618 4777 4893 4917 4993
426 480 969 1392 1681 1757 1784 1866 2559 3084 3094 3132 3361 3416 3765 3927 4245 4443
447 654 733 955 1225 1424 1783 2030 2225 2290 2451 2522 2807 3131 3365 3953 4005 4303 4337 4437 4674
130 209 264 285 349 490 603 715 815 1191 1753 1869 2896 3337 3549 3551 3619 3761 4417
15 218 520 1228 1407 1415 1511 1558 1749 2095 2155 2197
192 535 895 970 2590 2731 3094 3114 3240 4118 4143 4182 4280 4766 4807 4837 4958
4 113 356 370 625 653 1501 1601 2038 2057 2073 2075 2294 2441 2483 2561 2664 2799 3004 3072 3103 3112 3190 3216 3284 3287 3319 3471 3785 3827 4062 4139 4359 4377 4430 4619 4633 4706 4847 4902
80 113 160 222 238 392 403 411 419 525 893 938 1266 1295 1660 1701 1853 1902 2505 2802 2858 2905 3163 3188 3192 3429 3452 3456 3627 3708 3730 3924 4102 4223 4353 4552 4622 4725 4875
482 551 709 1009 1288 1305 1319 1556 1926 2078 2244 2665 2912 3278 3429 3532 3586 3648 3960 4001 4053 4087 4246 4279 4292 4311 4314 4372 4423 4432 4714 4789
171 260 580 609 663 748 830 1152 1208 1274 1347 1355 1378 1491 1519 1580 1629 1900 2186 2317 2335 2377 2427 2559 2635 2824 2863 2986 3065 3076 3100 3256 3347 3529 3629 3686 3732 3804 4029 4302 4489 4667 4829 4989
52 77 280 508 1917 2154 3019 3215 3482 4160 4505 4627
118 171 257 274 378 380 383 815 916 924 940 1072 1122 1202 1300 1461 1704 1947 1949 1952 2308 2311 2329 2414 2761 2902 2974 3033 3058 3089 3364 3401 3794 4072 4118 4163 4241 4459 4562 4689 4749 4860
297 714 1328 1645 1824 2387 2800 2917 2922 2976 3154 3588 3757 4034 4626 4759 4942 4994
135 229 309 458 598 614 739 772 965 1173 1275 1349 1373 1378 1400 1403 1686 1742 2040 2100 2114 2140 2194 2204 2391 2552 2568 2596 2659 2774 2859 2881 2957 3063 3130 3330 3377 3426 3581 3705 3713 3806 3845 4071 4404 4426 4660 4680 4742 4857
195 368 1089 1434 2133 2715 3325 3363 3397 3465 3587 3613 3666 3854 3972 4035 4140 4142 4258 4264 4666 4966
235 934 1301 1465 1552 1572 1621 1663 1732 1798 1929 1942 1969 2120 2168 2285 2404 2529 3121 3395 3651 3688 3954 3977 4377 4539 4584 4842 4939 4973
87 128 210 268 486 722 852 921 1007 1129 1342 1400 1486 2022 2096 2180 2388 2478 2582 2849 3166 3217 3531 3753 3793 3862 4137 4180 4335 4337 4455 4603 4689 4724 4809 4894 4933
172 847 913 1033 1264 2121 2438 2579 3283 3374 3889 3925 3980 4288 4373 4490 4610 4997
24 285 577 859 921 1235 1244 1331 1939 2072 2357 2394 2421 2486 2717 2768 2834 2921 2983 3063 3068 3075 3373 3518 3625 3900 3918 3989 3991 4469 4533 4612 4620 4713 4739 4886
258 766 1183 1792 2399 2776 3309 3726 4019 4249 4445
308 417 1145 1146 1281 2669 2894 3137 3270 3307 3710 4223 4825
372 704 850 870 895 1130 1223 1648 1874 1937 2028 2104 3149 3247 3518 3663 3721 3734 4148 4437 4487 4536
294 307 1190 1372 1854 2012 2172 2319 2381 2446 3089 3354 3722 4277 4708 4745 4908
316 412 1148 1264 1449 1600 1650 1765 1832 2251 2577 2714 2967 3116 3643 3683 3714 3881 3953 4045 4189
866 887 1109 1208 1304 1564 1674 2068 2175 2552 2780 2812 2888 2943 3243 3700 3949 3962 4145 4151 4174
290 1524 1780 1988 2011 2773 2880 3171 3250 3690
129 179 727 952 1327 1552 1770 1943 2006 2201 2204 2394 2428 2927 3268 3290 3352 3494 3601 3780 3799 3835 4020 4347 4639 4817 4823 4830
76 113 184 253 396 546 674 675 853 854 867 943 1207 1930 2226 2482 2573 2685 2998 3279 3412 3515 3760 3779 3997 4146 4181 4297 4365 4472 4522 4534 4606 4646 4674 4865 4888 4901 4932 4941
518 752 817 1067 1201 1251 1507 1642 1773 2318 2877 4886
189 462 558 860 923 1123 1233 1269 1318 1328 1452 1463 1574 1703 2072 2213 2267 2424 2442 2487 2787 2900 2953 3215 3305 3911 4177 4185 4275 4402 4435 4446 4458 4468 4477 4546 4788 4876
2 907 1425 1528 1668 1845 1927 2212 2264 2491 2808 2899 2984 2999 3167 3463 3559 3715 3745 3762
73 264 1086 2177 2253 2521 2603 2705 2894 3242 3361 3522 3617 3662 3951 3996 4341 4431 4645
314 385 1105 1283 1840 2166 2555 2621 2720 3142 3283 3531 3580 3822 3831 3957 4415 4956
630 679 785 1438 1861 2063 2070 2135 2360 2638 2741 3174 3473 3504 3548 3572 3796 3879 4056 4205 4396 4420 4540 4998
51 65 74 323 566 761 784 1319 1373 1776 2132 2677 2835 2905 3265 3478 3646 3711 3787 3809 3879 3914 3922 4257
106 413 446 590 1699 2326 2434 2452 2617 2799 2810 3000 3009 3139 3522 4576 4992
27 209 364 670 765 962 1034 1166 1946 2224 2348 2368 2578 2676 2712 2786 2985 3081 3468 3841 3868 3929 3990 4069 4142 4409 4421 4570 4631 4644 4720 4866 4884
288 493 559 737 905 1300 2010 2774 4848 4979
13 63 121 189 390 623 649 662 764 779 911 1074 1220 1395 1478 1609 1644 1726 1802 2059 2130 2157 2161 2202 2209 2239 2418 2865 2866 3030 3077 3090 3606 3959 4093 4271 4681 4682 4795 4828 4844 4852 4920 4926 4961 4986
1448 1690 2298 2417 2582 2672 2680 2884 2977 3028 3067 3179 3382 3447 3478 3756 4002 4636 4667 4835
214 312 600 799 1128 1234 1301 1420 1760 3241
254 311 326 605 680 1096 1485 1531 2120 2408 2670 2929 3320 3564 4365 4807
530 1036 1289 2069 3186 3305 3493 3805 4146 4779
157 429 533 1173 1405 1659 1684 2504 2747 2760 3258 3341 3536 3658 4104 4301 4515 4540 4837 4839
133 477 607 747 787 863 874 2097 2141 2146 2667 2793 3095 3099 3333 3418 3433 3592 3864 3865 3957 4037 4192 4419 4533 4583 4704 4819 4861 4913 4980
207 317 782 928 1468 2256 2452 2795 2992 3024 3218 3476 3870 4051 4599 4655 4985
8 75 410 616 865 1072 1143 1162 1588 2830
37 150 181 333 480 637 703 824 1440 1558 1813 1857 1931 2151 2176 2371 2825 2920 3025 3211 3388 4075 4106 4324 4411
44 93 393 415 890 952 1669 1924 1960 2397 2443 2719 2805 2874 3213 3494 3692 3971 4113 4140 4306 4314
220 230 294 375 656 702 704 711 861 915 1152 1239 1611 2210 2246 2409 2614 2616 2754 2794 2967 3103 3161 3340 3537 3546 3717 3720 3804 3993 4064 4176 4178 4273 4350 4390 4473 4549 4565 4574 4580 4669 4680 4685 4704 4745 4875 4993
43 60 1656 1767 2289 2477 2516 2581 2824 2847 2963 3157 3201 3214 3256 3291 3367 3454 3728 3903 4305 4325 4398 4462 4484 4635 4640 4657
36 38 133 223 914 1038 1353 1506 1518 2022 2097 2191 2550 2789 2886 2945 2957 3065 3143 3539 3566 3848 4052 4055 4256 4533 4548 4561 4609 4686 4772 4813 4872
62 91 173 211 266 321 371 548 598 734 1178 1407 1624 1847 1923 1924 2073 2305 2346 2408 2519 2752 2821 2833 2926 3027 3160 3173 3251 3534 3732 3763 3765 3973 3984 4007 4317 4336 4357 4486 4566 4716 4816 4825 4925 4938 4946
14 601 660 747 1205 1655 2084 2295 2742 2761 2846 4585 4751 4815 4824
11 57 109 158 265 331 492 587 1180 1873 2147 2149 2448 2817 2861 3123 3422 3436 3884 4044 4058 4175 4327 4441 4747 4975
99 267 436 579 594 734 877 880 987 1114 1416 1419 1619 1740 1883 2115 2169 2200 2253 2293 2296 2372 2435 2574 2760 2839 2840 2958 3015 3132 3191 3262 3281 3314 3368 3406 3415 3689 3759 3863 4109 4147 4263 4792 4832
38 131 416 705 763 823 850 1163 1208 1314 1557 1599 1628 1813 1842 1962 2026 2065 2082 2192 2219 2264 2373 2385 2413 2431 2496 2740 2754 2844 2952 2954 3187 3306 3856 3861 3932 3933 4024 4234 4287 4313 4320 4350 4361 4760 4812 4839
37 134 152 173 455 484 527 544 589 629 716 779 912 954 968 1167 1209 1221 1242 1349 1592 1604 1610 1836 1983 2272 2488 2574 2668 2686 2917 2919 3061 3070 3108 3359 3471 3494 4083 4305 4383 4436 4532 4586 4588 4597 4606 4828 4881 4976
33 323 816 901 1150 1260 1488 2049 2238 2318 3041 3121 3136 3487 3505 3506 4188 4198 4223 4398 4420 4482 4503 4862
296 361 479 508 848 916 926 1099 1141 1339 1368 1444 1604 1671 1687 1737 1817 1824 1873 1935 2067 2098 2126 2526 2703 3036 3060 3113 3122 3255 3306 3318 3358 3758 3836 3863 3925 3931 4077 4374 4630 4701 4706 4802 4816 4924 4937
3 114 343 354 518 668 1224 1284 1287 1632 1692 1856 2437 2471 2611 2911 2918 3073 3241 3301 3348 3519 3633 3792 3820 3833 4064 4205 4233 4285 4349 4551 4600 4882 4992
55 488 706 811 978 997 1014 1382 1413 2398 2753 3203 3344 3775 4432 4578 4771 4839
169 206 268 417 571 641 707 781 1669 1899 1966 2174 2211 2283 2475 2589 2795 2860 3100 3172 3483 3729 3753 3755 3858 3862 3914 4008 4161 4284 4587 4661 4761 4782 4788 4821 4977
112 167 179 469 910 1068 1189 1200 1302 1379 1534 1566 1833 1914 1978 2281 2308 2340 2426 2465 2541 2698 2809 2845 3202 3272 3298 3661 3754 3864 3891 3970 4110 4183 4191 4219 4286 4335 4647 4797 4849 4948 4983
320 444 512 748 867 1593 1759 1815 1963 1990 1998 2301 2706 2719 2930 3343 3382 3463 3555 3674 4042 4128 4171 4196 4309 4368 4376 4401 4604 4636 4703 4848
173 440 613 659 711 1008 1142 1665 2080 2136 2508 2702 2758 2762 2856 2906 2951 2974 3021 3135 3303 3343 3383 3776 3889 3948 4017 4166 4249 4287 4294 4543 4553 4729
363 638 740 754 835 862 932 1211 1309 1323 1456 1534 1595 1709 1810 1833 1841 1900 2079 2088 2378 2506 2508 2562 2587 2602 2645 2697 2723 2813 2871 3300 3417 3722 4099 4300 4331 4335 4389 4399 4508 4780 4815
329 365 840 854 996 1133 1161 1277 1337 1527 1678 1687 1862 1968 2158 2514 2655 2732 2812 2825 3096 3384 4414 4530 4544 4968
108 546 648 760 829 944 1447 1471 1490 1543 1919 2149 2216 2258 2818 2864 3039 3204 3311 3414 3878 3900 3937 3940 4242 4274 4499 4644 4783
947 1290 1303 1477 1772 1834 2238 2380 2532 2699 2728 2861 2971 2996 3261 4603 4799
76 162 334 574 576 645 732 1037 1179 1274 1454 1523 1531 1666 1879 2392 2396 2536 2558 2649 3047 3181 3186 3370 3375 4031 4222 4366 4422 4529 4764
72 403 420 435 525 1004 1012 1121 1446 1701 1836 1985 2021 2104 2194 2284 2405 2509 2772 3411 3430 3470 3695 3733 3777 3895 3913 3982 4165 4217 4248 4272 4345 4401 4513 4708 4713 4763 4873
419 532 802 855 958 1199 1564 1617 1683 2652 2673 2714 2721 2872 2873 3005 3427 3751 3807 4598 4649
213 390 480 527 691 921 1184 1188 1396 1486 1497 1596 1724 2026 2031 2098 2419 2436 2604 2671 2854 2969 3243 3288 3326 3492 3503 3591 3659 3942 3946 3979 4278 4498 4731 4737 4855 4878 4935 4945 4949 4981
234 377 832 889 900 1752 2725 3485 3599 3710 4278 4640 4743
10 953 1000 1273 1985 2481 2853 3073 3153 3352 3585 4122 4492 4515
