322 436 1503 1820 2131 2565 2712 3399 4381 4403 4659
392 470 491 614 922 974 1134 1757 2201 2453 2637 2770 2808 2939 2969 3661 3909 4236 4261 4272 4433 4475 4648 4672 4726 4925 4977
58 85 87 118 128 140 285 498 532 603 725 929 1248 1321 1353 1555 1655 1675 1812 1991 2066 2164 2392 2592 2795 3137 3140 3161 3290 3342 3374 3495 3608 3611 3722 3736 3847 3938 4044 4111 4134 4165 4180 4283 4362 4390 4895 4896 4974
266 318 485 1175 1312 1655 2000 2440 2875 3012 3015 3037 3186 3640 3824 3874 3965 4422 4870
549 1544 1856 1901 1932 2016 2415 2964 3414 3488 3574 4650 4748 4778
356 888 1034 1459 1585 1796 2084 2559 3448 3608 3957 4187 4531 4561 4568 4701
145 468 555 791 1274 1626 1738 2146 2171 2220 2698 3486 3610 3624 4035 4114 4956
413 596 647 874 994 1652 1823 2033 2393 2484 2830 2838 2971 3455 3548 3897 3958 4026 4056 4187 4269 4388 4726 4763 4983
128 135 221 331 365 782 1293 1557 1678 1681 1739 1878 1965 2004 2520 2721 2935 2987 3321 3434 3466 3469 3642 3763 3932 4281 4282 4352 4517 4638 4709 4869 4904 4980
559 578 608 1027 1191 1843 2830 3246 3292 3490 3653 3988 4022 4371 4624
443 459 698 721 961 1103 1192 1198 1247 1277 1412 1590 1643 1649 2030 2088 2212 2262 2453 2712 2835 2849 2956 3062 3103 3107 3186 3365 3482 3499 3507 3511 3639 3675 3849 3853 4023 4099 4162 4244 4277 4284 4360 4679 4837 4872 4927 4938 4961
155 513 614 641 751 821 994 1182 1294 1450 2238 2462 3201 3432 3434 3539 3570 3601 3798 4976
42 275 286 544 670 874 968 1386 1453 1758 2062 2136 2225 2251 2272 2393 2525 2621 2750 2827 2850 2932 3207 3261 3543 3756 3893 4067 4114 4228 4303 4467 4477 4498 4690 4748 4804 4954
202 335 918 1192 1367 1680 1848 2124 2319 2487 2660 2735 2923 3010 3090 3412 3490 3663 3823 4140 4293 4700 4722
16 101 152 463 657 995 1657 1699 1867 1874 2148 2374 2604 2723 2839 3043 3076 3093 3123 3431 3458 4031 4087 4515 4968
29 774 1316 1451 1598 2190 2382 2628 3064 3293 3763 3781 4539
350 516 763 816 1137 1479 1702 2133 2204 2238 2451 2530 2573 2917 3047 3082 3157 3376 3378 3557 4111 4165 4300 4559 4637 4648 4676 4752 4775 4810
3 426 655 658 870 1022 1052 1190 1296 1391 1565 1713 1733 1772 1773 1774 2065 2139 2300 2301 2326 2392 2429 2848 3027 3069 3305 3430 3514 3592 3699 3987 4121 4170 4268 4288 4494 4570 4791 4835 4843 4845 4936 4940 4948
129 614 1129 1421 1517 1518 1576 1823 2068 2115 2367 2545 2870 2906 2909 3275 3327 3561 3788 3923 4278 4311 4659 4730 4870 4949
36 59 209 687 689 744 1338 1360 1366 1792 1990 2033 2398 2629 2672 2829 2860 2865 2919 3199 3208 3298 3411 3541 3627 3736 3899 3907 4061 4170 4230 4430 4464 4801 4974 4987
3 77 89 246 298 319 477 816 2127 3222 3270 3342 3796 3887 4083 4121 4229 4480 4570 4747 4799 4802
67 470 569 811 825 995 1025 1157 1192 1222 1232 1295 1412 1466 1481 1501 1522 1536 1590 1678 2020 2072 2320 2523 2884 3001 3069 3070 3080 3094 3181 3186 3282 3529 3754 3837 4019 4025 4224 4406 4419 4487 4598 4803 4815 4842 4863
301 370 429 658 883 1648 1656 1731 2295 2319 2440 2491 2632 2910 3086 3288 3333 3533 3583 3652 3925 3927 4014 4263 4518 4649 4652
757 771 916 1643 1961 2056 2344 2392 2724 3103 3382 3389 3445 3500 3754 3777 4080 4263 4591 4812 4977
535 614 743 815 1267 1707 1834 2103 2287 2519 2557 2622 2876 2943 3204 3322 3547 3666 4652 4880 4941
31 101 156 285 353 496 889 1008 1035 1047 1360 1658 1757 1990 2025 2217 2371 2523 2561 2668 2671 3114 3204 3447 3450 3492 3687 3756 3774 3854 3860 4057 4067 4155 4265 4468 4470 4627 4651 4679 4738 4837 4888 4890 4900 4904 4918 4942
145 1599 1708 1768 1954 2355 2637 2813 2818 3176 3643 3740 3741 3786 4170 4408 4890
32 213 331 371 378 491 543 654 1152 1293 1370 1492 1571 1669 1985 2051 2162 2176 2189 2697 2823 2874 3000 3153 3310 3334 3390 3616 3633 3671 3815 4019 4044 4248 4325 4328 4390 4670 4685 4717 4765
70 507 1453 1560 1576 1966 2125 2131 2327 2463 2504 2607 2642 2656 2767 2802 3038 3124 3261 3273 3311 3678 3707 3906 4088 4403 4436 4473 4748 4862 4996
8 198 735 1247 1425 1475 1491 1676 1952 2097 3156 4104
145 260 309 802 815 1001 1367 1618 1706 1834 1917 2022 2371 2770 2835 2967 3026 3777 3793 3876 4016 4028 4508
135 385 443 686 744 1148 1519 1607 1859 2186 2232 2239 2538 2750 3053 3084 3091 3098 3197 3290 3399 3414 3513 3663 3665 3771 3781 3943 4179 4184 4230 4378 4382 4513 4651 4707
468 489 721 752 985 1035 1107 1232 1359 1401 1453 1969 2102 2367 2413 2504 2509 2611 2654 2749 2855 3033 3060 3181 3204 3224 3367 3734 3740 3782 3871 3900 3923 3984 4329 4428 4750 4798 4995
112 123 360 414 512 641 819 1211 1338 1652 2078 2424 2851 3144 3400 3429 3448 3644 4007 4099 4321 4371 4603 4800
79 1007 1048 1194 1533 1813 1858 1915 2212 2392 3069 3228 3234 3261 3489 3602 3647 3735 3801 3861 4332 4487 4562 4576 4734 4741 4839
55 156 273 391 527 1299 2029 2069 2499 2819 2909 3071 3091 3141 3376 3620 3691 3796 3815 4003 4107 4147 4811 4814 4829 4905
26 263 333 482 663 685 752 798 900 1293 1477 1690 2015 2057 2563 2828 2920 2924 3025 3081 3281 3506 3569 3771 3906 3917 4140 4220 4482 4630 4800
460 844 980 1758 2480 2503 2663 2845 3117 3202 3390 3439 4164 4281 4404 4417
89 352 1113 1831 1932 1944 2020 2244 2541 2937 4000 4167 4493 4720
277 443 621 659 694 733 862 1110 1182 1222 1248 1354 1385 2051 2157 2266 2369 2400 2563 2709 2849 2853 2898 2936 3078 3184 3209 3214 3247 3270 3344 3439 3490 3522 3655 3678 4021 4074 4108 4141 4261 4365 4526 4546 4641 4738 4812 4938 4972
44 143 164 399 426 739 1510 2409 3439 3786 4776
4 354 669 678 1011 1576 1730 1879 1947 2232 2402 2803 2845 3224 3270 3314 3729 3861 3871 4063 4124 4389 4529 4643 4830 4833
152 187 211 391 439 457 637 685 778 782 1141 1275 1287 1576 1776 1986 2023 2552 2718 2958 3101 3310 3343 3571 3677 3826 4047 4296 4630 4800 4862
161 246 353 557 1140 1170 1341 1350 1675 2104 2262 2611 2684 3326 3434 3470 3486 4076 4592
579 1681 1752 2260 2443 2480 2821 3026 3032 3117 3980 4076 4105 4404 4637 4918
184 191 294 310 386 886 1018 1508 1533 1766 1768 1847 1856 2068 2429 2555 2683 2881 3140 3160 3166 3199 3243 3847 4057 4072 4085 4441 4621 4731 4869 4937
381 434 770 1211 1235 1304 2395 3493 3676 3699 4239 4290 4662 4818
126 474 564 605 673 688 847 2672 3067 3493 3908 4472 4561 4688
4 27 350 502 544 750 888 894 955 1315 1517 1577 1625 1669 2050 2116 2148 2358 2382 2504 2530 2597 2712 2815 3191 3382 3434 3581 3584 3593 3665 3691 3727 3911 3965 4095 4099 4100 4256 4331 4359 4574 4629 4668 4679 4715 4740 4880 4973
161 381 474 479 559 615 682 1284 1908 2214 2532 2661 2719 2877 2902 2940 2997 3153 3174 3341 3538 3547 3637 3908 3922 4141 4173 4442 4480 4574 4647 4824 4852
253 697 1493 1744 1773 1821 2053 2188 2248 2608 3020 3358 4034 4442
395 560 1245 1785 2061 2761 2920 4678 4759 4915
541 1542 1904 2057 3510 3533 4042 4457 4814 4849
941 951 1346 1411 2812 3204 3449 3464 3541 3874 3908 4217 4696 4780
215 260 278 315 523 882 938 1148 1372 1446 1730 1784 1799 1833 2037 2554 2577 2917 3213 3220 3376 3477 4030 4243 4442 4575 4750 4875
27 173 315 450 859 2150 2212 2881 3485 3928 3948 4780 4963 4970
751 1481 1606 1926 2121 2375 2582 2669 2712 3977 4434 4467 4970
333 1173 1820 2208 2251 2400 2648 2851 3824 3873 4488
579 637 3059 3090 3531 3680 3698 3811 3951 3990
194 377 2232 2565 2810 3561 3859 3891 4537 4778
314 842 1217 1302 1329 1352 1551 2135 2221 2489 2671 3197 3442 3533 3574 4106 4582
200 240 270 360 452 489 1140 1621 1769 1772 1813 1850 2133 2483 2547 2901 2906 3322 3598 3759 4039 4129 4133 4657 4942 4976 4982
191 342 772 1491 1950 1968 3725 4069 4108 4130
82 2398 2438 2478 2818 3298 3498 3504 3551 3897 4439
246 532 968 1037 1713 2109 2224 3016 3220 3482 3697 3917 3981 4249 4281 4657 4798 4969
463 723 804 1287 1389 1479 1655 2114 2322 2449 2935 3011 3395 3563 3644 3664 3672 3704 3824 3893 4102 4213 4279 4395 4408 4476 4620 4627 4720 4735
44 210 477 479 569 610 711 721 1277 1359 1465 1542 1623 1713 2098 2165 2254 2358 2396 2401 2413 2492 2592 2594 2640 2772 2995 3342 3367 3437 3461 3549 3797 3804 3999 4164 4704 4831 4983
626 710 1033 1046 1414 2029 2192 2265 2390 2424 2784 2803 2845 2890 2909 3019 3050 3176 3245 3297 3497 3647 3854 3998 4256 4721
19 219 519 719 790 864 935 1093 1390 1765 1858 1980 2204 2322 2556 2627 2869 2906 3039 3287 3337 3922 4050 4166 4490 4568 4801 4840 4942 4945
438 526 644 693 711 718 726 732 823 1046 1134 1178 1375 1463 1733 1769 1781 1936 2284 2388 2415 2489 2572 2896 3029 3137 3366 3593 3806 3846 3915 4033 4034 4045 4105 4153 4307 4381 4417 4545 4575 4704 4758 4793 4900 4962
770 1708 1974 2020 2783 2821 2861 3117 3344 4049 4300 4383 4404 4561 4629 4928
5 232 506 721 812 838 1466 1517 1820 1911 1991 2537 2685 2699 2897 3420 3667 3695 3804 3925 3957 4325 4445 4488 4540 4545 4699 4847 4856
22 156 165 2592 3028 4009 4272 4277 4381 4741 4859
1215 2319 2369 2965 3387 3720 3944 4083 4494 4953
158 213 248 286 468 523 663 1037 1262 1565 1645 1735 1739 2178 2277 2287 2698 2702 2721 2765 2802 2860 2877 3252 3257 3634 3719 3768 3811 3973 3977 4171 4184 4324 4358 4377
430 1756 1868 2126 2381 2419 2518 2552 3507 3724 3730 3900
156 326 558 688 771 1000 1549 1896 1900 1987 2350 2450 2612 2654 2836 3172 3193 3228 3508 3691 3781 3999 4124 4380 4432 4795
166 196 2401 2409 2519 2698 3344 3388 4130 4345 4376 4836
260 385 477 498 548 621 1404 1459 1566 1859 2074 2430 2642 3076 3091 3228 3233 3246 3265 3609 4033 4034 4185 4220 4339 4747 4761 4813
305 872 875 1039 1115 1252 2027 2049 2255 2620 2765 3311 3779 4040 4360
41 77 390 716 1040 1053 1220 1591 2224 2318 2368 2521 2565 2809 2855 3025 3199 3238 3302 3970 4270 4353 4386 4868
309 752 1189 1391 1547 1591 2050 2116 2719 2735 2803 3192 3217 3367 3496 3640 3691 3859 3923 4067 4124 4158 4195 4208 4248 4292
161 186 566 567 943 1301 1327 1353 1524 1987 2022 2428 2600 2632 2769 3101 3138 3203 3476 3602 3605 3651 4277 4280 4657 4919 4996
149 384 391 532 685 921 1166 1301 1418 1438 1551 1770 1823 1966 2273 2409 2717 2720 2864 3143 3878 3935 3937 4081 4101 4214 4274 4376 4605 4758 4800
33 457 519 1173 1664 1728 1976 1993 2056 2300 2354 3239 3246 3550 3682 4753
407 773 1181 1364 1606 1758 1843 1990 2234 2898 3172 3245 4050 4551 4878
262 876 1093 1205 1479 1483 1500 1577 1625 2227 2262 2339 2449 2576 2866 3466 3471 3475 3704 3711 3961 4058 4109 4165 4309 4390 4399 4670 4697 4935
882 1144 1257 1377 2093 2363 2386 2678 2958 3092 3220 3281 3352 4118 4428 4512 4813 4880
32 41 53 145 182 299 463 580 614 944 1225 1352 1410 1467 1589 1626 1637 2176 2189 2236 2326 2491 2561 2606 2717 2936 3116 3205 3348 3601 3764 3862 3956 3972 4071 4148 4149 4387 4615 4711 4995
984 1173 1473 2400 2610 2956 3469 4373 4384 4979
24 140 194 262 705 1000 1506 1853 1965 2049 2050 2081 2663 3225 3230 3593 3899 3990 4012 4036 4166 4208 4389 4489 4670 4926
118 836 1658 2005 2070 2175 2717 2808 3154 3257 3419 3786 3799 4809 4829 4888
318 526 674 770 1070 1169 1350 1455 2222 2538 3242 3332 3577 3980 4042 4637 4696 4823 4935
232 233 243 399 460 709 770 1144 1216 1241 1391 1421 1451 1591 1676 1713 1851 2139 2148 2173 2217 2243 2254 2308 2310 2420 2627 2647 2895 3053 3483 3519 3724 3734 3861 3945 4009 4238 4491 4517 4523 4655 4683 4868 4944
768 797 906 1047 1110 1336 1916 2906 3293 3354 3603 4587 4889
29 32 280 517 521 538 955 1189 1249 1366 1516 1711 1769 2030 2176 2277 2417 2463 2734 2869 3075 3113 3209 3355 3528 3590 3779 3923 3990 4118 4301 4360 4488 4574 4616 4720 4744 4784 4809 4829 4893
110 263 297 425 447 658 739 828 1377 2085 2356 2615 3220 3479 3596 3700 3795 4678
73 379 563 686 955 994 1262 1321 1611 1887 2000 2078 2768 2816 2958 2989 3016 3113 3118 3224 3247 3519 3531 3588 3623 3661 3745 3747 3982 4028 4044 4274 4291 4292 4696 4739 4823
214 311 376 715 851 1013 1219 1444 2234 2461 2622 2629 2788 2914 2920 2955 3014 3213 3233 3428 3999 4152 4184 4641 4790 4808 4887 4921
544 781 1744 2428 2676 2718 2757 3091 3283 3304 3676 3786 4022 4077 4490 4905
370 587 800 922 936 1578 1614 3126 3181 3727 3869 3887 3956 4140 4408
89 140 376 414 775 805 869 1034 1307 1549 1605 1864 1944 2380 2451 2476 2523 2636 2738 2926 2988 3280 3561 3583 3596 3707 3797 3866 3991 4102 4226 4290 4305 4329 4392 4470 4590 4608 4745 4957 4963 4994
112 539 599 774 916 943 1267 1784 1808 2029 2130 2600 3054 3494 3609 3992 4135 4385 4494 4600 4737
60 116 427 652 901 1267 1699 2102 2110 2128 2191 2293 2362 2606 3285 3481 3501 3945 4433 4439 4969
70 172 227 484 559 626 730 889 1187 1208 1330 1332 1617 1625 1719 1726 1763 2078 2173 2465 2529 2681 2799 2826 3078 3163 3277 3301 3423 3501 3525 3557 3645 3702 3786 3878 3899 3965 4075 4230 4317 4342 4394 4417 4469 4558 4572 4734
471 497 831 904 1257 1327 1730 2089 2334 3389 4456 4562
32 370 371 590 615 1446 1447 1610 2377 2440 2637 2820 2897 2899 2916 2959 3326 3631 3696 3714 3729 4075 4179 4252 4562 4753 4828 4836 4894
532 1078 1475 2050 2126 2243 3275 4051 4135 4397 4742 4967
772 787 935 1110 1233 1304 1383 1755 1862 1983 2106 2238 2462 2785 2970 2995 3352 3616 4278 4809
1330 1526 2192 3276 3389 4007 4224 4373 4384 4859
278 485 613 1276 1475 2381 2416 2909 3335 3529 3645 4505
706 750 899 1048 1124 1144 1350 2409 3351 3498 3505 3520 3819 3855 4009 4042 4100 4638 4678
110 258 755 775 1264 1554 1647 1737 2192 2273 2370 2506 2815 2874 2949 3033 3126 3315 3715 3791 3914 4101 4178 4301 4357 4399 4490 4533 4670 4870
30 848 873 882 934 1011 1013 1223 1287 1591 1679 1782 1918 1948 2082 2185 2365 2556 2611 2637 2658 2918 2964 2973 2984 3047 3082 3327 3421 3519 3520 3544 3563 3583 3924 3944 4079 4344 4672 4915 4975 4994
3 41 225 427 654 990 1070 1182 1301 1347 1637 1672 1763 1933 2148 2362 2398 2430 2780 2993 3064 3157 3265 3289 3461 3515 3520 3532 3620 3653 3806 3844 4289 4312 4322 4380 4498 4557 4747 4784 4849
177 296 947 1691 2014 2429 2475 2606 3495 3875 3980 4675 4774 4779
202 209 244 319 350 1078 1101 1518 1598 1967 2015 2069 2588 2602 2884 3172 3214 3341 3817 3875 3930 4064 4082 4117 4170 4230 4249 4346 4626 4647 4745 4892
115 202 838 1222 1235 1810 1850 2597 3735 4292 4439 4508 4758
1825 1887 2325 2600 3293 3504 4381 4446 4461 4862 4928
414 757 887 960 1410 1634 2123 2339 2512 2717 2757 3262 3355 3599 3645 3874 4062 4075 4318 4454 4773 4861
2195 2535 2724 4304 4317 4384 4728 4871 4930 4964
314 481 506 603 663 726 805 821 827 960 1011 1170 1376 1450 1466 1617 1706 1717 1729 1976 2164 2278 2380 2560 2771 2786 2862 3044 3214 3224 3416 3434 3449 3477 3495 3630 3657 3933 3934 3957 3999 4022 4045 4227 4386 4426 4507 4526 4761 4956
162 432 458 1301 1395 1802 2025 2132 2394 2447 2651 2852 3068 3164 3489 3501 3598 3978 3989 4060 4296 4711 4931 4939
380 1001 1152 1194 1257 1798 2924 2947 3429 3446 3617 3982 4583 4674
425 469 504 532 670 945 1666 1910 2093 2365 2668 2782 3171 3196 3412 3443 4399 4666
255 390 391 568 948 1190 1619 1649 1683 1743 1834 1944 2327 2477 2481 2664 2700 2796 3016 3020 3136 3341 3382 3403 3506 3525 3865 4430 4649 4912 4921
95 366 457 673 901 987 1056 1231 1322 1584 1654 1755 2014 2088 2144 2225 2232 2371 2516 2716 2929 3050 3631 3662 3801 3983 4045 4169 4278 4290 4318 4457 4505 4531 4572 4595 4669 4673 4743 4970
284 398 560 570 573 656 1151 1881 2007 2080 2105 2153 2157 2295 2744 2965 2973 2984 3059 3227 3571 3574 3675 4040 4154 4155 4390 4571 4638 4666 4765 4845 4854 4947
8 381 418 465 514 836 946 950 982 1028 1377 1502 2676 2982 3326 3609 3781 3837 3977 4161 4341
361 422 519 876 882 985 986 994 1070 1113 1399 1425 1427 1856 2227 2255 2478 2479 2523 2647 2676 3051 3281 3295 3391 3610 4282 4468 4553 4569 4648 4826 4999
213 1011 1187 1512 1654 2088 2122 2596 2639 2648 3482 3983 4241 4522 4728 4968 4985 4991
275 934 1508 1721 2225 2811 2854 2968 3342 3468 3770 3845 4676 4905
232 297 971 1463 1525 1560 1571 2365 2551 2958 3397 3569 3622 4412 4752 4876 4901 4938
213 507 968 971 1008 1045 1731 1946 2373 2601 2668 3059 3220 3358 3824 3965 4380 4880
318 389 706 965 971 1189 1350 1507 2146 2236 2465 2485 2802 2813 3087 3153 3320 4042 4230
544 757 1316 1422 1773 2767 3045 3273 3472 3549 3557 4341 4433 4558 4698 4930
121 453 674 1750 2688 2711 2775 3078 3154 3201 3245 3311 3379 3446 3843 4033 4365 4770 4949 4979
942 1007 1355 1771 2126 2145 2264 2656 2774 2786 3092 3094 3442 3794 3804 3837 4078 4403 4563 4876 4935
208 546 971 1017 1211 1316 1479 1861 2013 2481 2827 2938 3344 3996 4352 4857
454 725 862 1027 1396 1578 1843 2394 2411 2597 2794 3298 3826 3915 4988
787 1101 1533 1625 2770 2850 3570 3865 4185 4187 4363
218 576 1134 1237 1513 1639 1654 1780 2178 2456 2583 2995 3292 3610 3852 4503 4557 4648 4856 4987
41 202 211 245 478 502 588 712 875 1090 1378 2023 2560 2671 2786 2919 2929 2989 3020 3025 3452 3571 3612 3853 3854 3855 3989 4630 4642 4695 4790
392 1000 1025 1883 2022 2032 2462 2808 2930 3067 3289 3362 3714 4101 4326 4620 4636 4803 4830 4976
2 366 369 405 669 821 1241 1367 1728 1739 1749 2080 2327 2468 2902 3130 3226 3291 3470 3510 3617 3736 3814 3837 4036 4202 4228 4309 4371 4666 4667 4870 4882
266 301 355 481 533 554 646 788 790 816 821 833 897 951 1012 1137 1227 1465 1634 1699 1729 1984 2417 2512 2744 2949 2956 3070 3290 3302 3306 3362 3453 3488 3528 3660 3771 3815 4032 4088 4551 4607 4699 4767 4810 4827 4838 4868 4945 4983
816 854 887 888 1042 1470 1511 2123 2433 3138 3899 4574 4599 4732 4744
46 85 222 390 443 583 716 1009 1338 1438 1731 2089 2338 2504 2663 2680 2759 2877 2955 3796 3882 4157 4359 4761
155 540 760 1288 1378 1435 1676 2032 2064 2722 2984 3182 3289 3703 3935 4304 4651 4758 4823
158 337 385 406 728 763 879 1575 1726 2017 2385 2849 3156 3327 3375 3444 3526 3718 3803 4195 4265 4539 4629 4822
17 161 221 405 438 873 890 1082 1093 1137 1277 1463 1561 1750 1850 1932 1967 1968 2176 2184 2447 2449 2654 2812 2860 2995 3090 3192 3279 3631 3735 3742 3831 3852 3951 3967 3982 3992 4090 4153 4157 4213 4218 4253 4340 4492
208 211 998 1056 1629 2146 3241 3724 3770 3893 3943 4509
21 44 52 339 403 543 605 733 1091 1263 1399 1439 1578 1853 1899 2002 2012 2032 2236 2369 2731 2852 2930 3363 3388 3404 3553 3774 3853 3970 4151 4161 4310 4366 4406 4432 4459 4476 4725 4781 4847 4899 4928 4974 4991
200 255 640 925 1055 1301 1514 2402 3475 3947
33 85 304 686 703 833 882 923 1155 1162 1561 1582 1597 1618 1652 1693 1736 1771 1776 1973 2031 2098 2112 2412 2450 2469 2870 3025 3366 3532 3544 3594 3711 3798 4046 4072 4129 4441 4500 4502 4563 4663
360 1045 1291 1576 2034 2353 2596 2672 2792 2814 2958 3819 3826 4062 4303 4459 4569 4641
248 404 443 1400 1577 1976 2700 2915 2956 4547
528 546 739 1040 1170 1289 1542 1571 1714 2067 2338 2409 3218 3547 3577 3608 4077 4211 4472
70 933 1378 1483 1552 1985 2227 2389 2901 2992 3245 3468 3836 4121 4188 4211 4503 4919 4993
72 1353 1391 2056 2413 2910 3207 3234 3365 3770 4348 4572 4735 4759 4763 4868 4984
17 158 263 284 474 567 974 1037 1275 1276 1362 1502 1557 1750 1966 2034 2223 2287 2577 2721 2862 2884 3143 3169 3182 3365 3415 3799 3895 3900 4382 4416 4459 4529 4587 4929
321 557 990 1584 1668 1946 2573 2605 2707 2720 2728 2905 3271 3388 3472 4077 4747 4793 4992
318 628 995 1134 1539 1952 1977 2832 2836 3443 3792 4489
570 947 993 1308 1418 1466 1735 1746 1966 2384 2395 2424 2433 2823 2918 3052 3062 3087 3293 3365 3371 3452 3538 4018 4174 4377 4540 4698 4772 4786 4954
17 332 1333 1717 2775 2973 3102 4118 4362 4731 4877
1 91 199 362 366 578 611 615 783 904 923 1024 1521 1637 1755 1911 2084 2197 2496 2660 2992 3182 3209 3234 3391 3411 3890 4029 4239 4288 4550 4660 4726
454 466 1249 2156 2587 3136 3468 3531 3824 4062 4633 4954
245 325 414 472 805 1236 1501 1674 1784 2338 2699 2749 2947 3069 3130 3226 3450 3725 4539 4604 4673
277 355 425 517 706 897 932 1178 1372 1427 1463 1512 1634 2050 2131 2285 2362 2465 2558 2588 2690 2748 2791 2887 3001 3184 3376 3425 3441 3474 3622 3673 3694 3709 3791 3835 3921 3984 4133 4215 4261 4414 4441 4517 4549 4579 4596 4701 4891 4943
14 88 154 658 811 971 987 1181 1295 1302 1406 1764 2146 2188 3422 3897 4712
64 67 771 1003 2483 2655 3591 3649 4055 4069 4133 4305 4382 4447 4540 4636
61 797 960 1023 1378 1512 1535 1799 2758 2824 3110 3164 3262 3297 3361 3518 3599 3645 3732 4371 4603 4901
120 398 522 810 985 1046 1359 1577 1763 2012 2015 2104 2145 2220 2492 2573 2592 2664 2697 2786 3160 3193 3247 3367 3515 3526 3613 3871 3948 3952 4074 4277 4416 4467 4528 4575 4834 4913 4922
260 345 427 592 947 1311 1483 1796 1803 2291 2503 2752 3137 3569 3608 3676 3695 3775 4049 4155 4162 4227 4305 4365 4400 4583 4814 4912
514 772 901 1375 2098 2368 2588 2614 2702 3107 3120 3128 3494 3551 3781 3903 3906 4060 4364 4428 4876
110 782 930 1451 1555 1831 2106 2148 2374 2462 2720 3501 3718 3776 3989 4576 4738 4813 4845 4975
16 95 109 605 1028 1245 1522 1694 1721 2108 2268 2382 2394 3105 3207 3667 3928 4368 4406 4831 4965
200 480 543 545 1232 1289 1299 2051 2056 2111 2266 2318 2335 2417 2453 2463 2585 2689 2948 3129 3290 3546 3547 3688 4021 4085 4131 4264 4405 4458 4656 4714 4735 4790 4899
48 225 647 803 811 1204 1406 1523 1674 2280 3181 3339 3704 3754 3777 3859 4166
92 1369 1437 1625 1709 2438 3092 3229 3305 3485 3703 3759 4253 4454 4537
186 222 347 354 460 526 1004 1101 1293 1359 1763 1787 1928 1968 2082 2084 2098 2203 2370 2492 2670 2775 3337 3338 3415 3523 3666 3771 4012 4368 4396 4503 4512 4551 4583 4623 4662 4792 4991
120 244 637 1684 1711 2027 2078 2775 2940 4570 4652
338 450 985 2046 2566 2596 2752 2775 3472 3715 4366
142 360 629 1045 1291 1375 1389 1433 1692 1694 1738 2130 2411 3107 3415 3936 3943 4225
226 378 407 705 873 910 916 1995 2699 2876 2939 2978 3026 3213 3689 3804 3816 3970 4024 4031 4308 4474 4516 4643 4734 4887 4925
208 744 770 1467 2221 2279 2843 2845 3233 3533 3627 4064 4507 4655 4707 4915
59 784 853 1357 1548 2318 2362 2529 2804 2851
654 894 1542 1582 1740 2483 2499 2606 2962 3126 3317 3577 3608 3931 4516
255 374 670 738 858 889 932 1322 1533 1666 2088 2157 2463 2642 2690 2698 2716 2812 2875 3251 3304 3675 3694 3752 3885 3901 3978 4045 4104 4120 4123 4186 4212 4302 4392 4481 4525 4617 4623 4640
42 116 248 297 470 825 879 1326 1372 1439 1878 1918 1946 2043 2103 2132 2207 2361 2476 2813 2921 3033 3049 3441 3497 3670 3725 3774 3909 4003 4085 4106 4266 4446 4567 4820 4973 4999
262 268 294 333 596 739 922 928 1379 1385 1418 1474 1626 1669 1858 1871 1893 1935 2066 2174 2204 2234 2339 2497 2614 2885 2995 3334 3374 3526 3648 3671 3695 3698 3833 3855 4148 4369 4387 4513 4525 4628 4773 4785 4794 4923 4973 4976 4991
471 535 792 1708 2146 2791 2856 3354 3549 3715 4030 4424 4488 4508 4646 4717 4909
570 594 729 976 1449 1728 1766 1796 1931 2074 2081 2192 2233 2720 2815 2887 2897 3320 3341 3515 3860 3870 4165 4167 4276 4304 4422 4546 4600 4712
14 299 410 836 980 1191 1225 1502 1785 2262 2313 2815 2931 3262 3531 3637 3770 3908 3998 4102 4200 4239 4262 4327 4342 4447 4578 4628 4744 4748
260 369 712 821 927 1022 1041 1099 1231 1463 1511 1599 1627 1985 2822 2888 3260 3345 3451 3650 3729 3762 4265 4390 4626 4926 4939 4999
27 219 226 270 557 673 688 933 1040 1523 1991 2126 2397 2576 2623 2789 3340 3627 3704 3874 4189 4272 4348 4410 4650 4666 4925
304 513 519 557 735 750 944 1070 1169 1266 1424 1469 1754 1755 1878 1946 2235 2247 2287 2353 2450 2468 2732 2768 2887 3075 3257 3601 3603 3847 3866 4124 4184 4347 4651 4811
5 71 183 207 279 726 735 796 977 1386 1734 2004 2042 2205 2273 2555 2627 2832 3049 3102 3124 3259 3266 3272 3289 3371 3388 3421 3438 3495 3596 3725 4010 4122 4309 4446 4449 4537 4546 4590 4659 4732 4816 4861
118 186 378 470 498 522 538 779 1056 1365 1648 1663 1679 2151 2498 3014 3185 3247 3275 3433 3446 4336 4539 4662 4763 4899 4930
558 594 712 1434 1469 1667 1917 2493 2615 2663 2920 2981 3511 3756 4122 4265 4510 4624 4813 4979
468 472 795 1141 1814 2082 3399 3568 4012 4190 4570 4698 4794 4970
270 326 439 729 1003 1158 1204 1514 1779 1986 2377 2429 2897 3755 3756 3815 3829 3934 3938 3966 4096 4225 4284 4446 4599 4803 4804 4919 4932
496 923 1102 1315 1327 1482 1516 1934 1975 1980 2116 2964 3133 3690 4173 4392 4579 4851 4927
101 222 279 371 587 1284 1329 1519 1668 2004 2020 2369 2520 2564 2588 2759 2772 2844 2930 3229 3295 3300 3344 3404 3421 3529 3583 3634 3774 4090 4135 4315 4461 4479 4558 4617 4652 4758 4772 4773 4840 4894 4900 4938
200 252 326 354 662 972 2004 3099 3492 4396
232 235 472 801 823 930 1153 1276 1309 1358 1729 1815 2060 2089 2318 2451 2557 2616 2802 2863 3022 3259 3452 3712 3720 3799 3861 3961 4122 4213 4227 4509 4534 4536 4698 4905
194 615 723 842 890 1073 1125 1600 1684 1790 1884 2052 2061 2235 2974 3426 3433 3447 3485 3571 3734 4326 4440 4492 4673 4778 4949
139 155 220 331 484 558 1434 2007 2012 2106 2493 2704 2902 2921 3607 3892 3953 4122 4162 4754
833 1220 1508 2495 3065 3101 3174 3197 3346 3399 3831 3880 4103 4315
44 177 603 613 813 928 1126 2429 2647 3027 3202 3205 4012 4391
299 1012 1403 1973 2136 2144 2263 2436 2493 2807 2848 3113 3482 3599 3978 4414 4851
360 1264 1427 1508 1730 1793 2029 2033 2664 3010 3047 3237 3382 3602 4154 4539 4636 4740
285 428 774 1356 2717 3236 3390 3930 4340 4380
629 759 859 907 1048 1798 1816 2065 2194 2361 2523 2587 2708 2781 3288 3765 3818 3826 3865 3910 3922 4282 4423 4540 4639 4729
75 87 295 369 410 504 1023 2053 2122 2478 2824 2923 3252 3425 3427 3479 3909 3956 4164 4597 4604 4737
220 229 1151 1216 1276 1336 1491 2438 2687 3651 3853 4106 4321 4412 4632
794 1312 1619 1908 2319 2390 2587 2820 3402 3634 3875 4019 4079 4179 4571 4720 4861 4987
491 593 1850 2018 2984 3037 3280 3481 3519 4305 4509 4975
6 220 583 815 1003 1316 2475 3441 3718 4217 4288 4383 4439 4742 4854 4931
135 1270 1965 2469 2693 2812 3412 3433 3610 3640 3722 4303 4615 4700 4781
134 525 1066 1549 1639 1669 2289 2602 2918 3312 3336 3633 3677 4087 4389 4659 4670 4756 4791
40 90 244 548 777 945 1401 1493 1620 1750 1969 2974 3160 3239 3341 3345 3366 3420 3527 3544 3548 3614 3792 4076 4597 4804 4901 4914 4956
24 399 540 568 1307 2184 2800 3399 3412 4047 4167 4212 4522 4616
345 410 478 775 944 1433 1493 2051 2169 2705 2709 3490 3493 4668 4864
353 567 657 1185 1245 1768 1916 2126 2208 2226 2402 3239 3489 3623 3707 3800 3882 3900 4066 4277 4321 4476 4831 4846 4851
329 353 663 825 896 1798 2188 2265 2505 3213 3330 3593 4023
273 657 905 953 1121 2072 2144 2239 2295 2689 2962 3646 4270 4424 4505 4854 4892
14 58 395 535 579 756 959 1181 1190 1216 1365 1496 1502 1590 2108 2195 2372 2530 2623 2700 2881 3390 3409 3427 3731 4055 4125 4492 4730 4804
244 504 1654 2211 2685 2718 3285 3325 3727 4243 4461 4674
68 218 310 742 771 775 1525 1619 2805 3207 3879 4049 4164 4362 4439 4931
36 94 230 564 1555 1799 1824 1828 2222 2586 2593 2623 2764 2805 3091 3152 3258 3264 3511 3515 3546 3605 3746 3962 4173 4179 4254 4289 4358 4516 4686 4687 4979
174 332 887 1253 1735 2347 2581 2747 2923 2970 2988 3281 3923 4030 4120 4265 4352 4516 4974
465 723 859 920 966 1288 1675 1891 2043 2110 2162 2488 2680 2707 3152 3192 3217 3280 3317 3414 3442 3450 3486 3494 3535 3538 3945 4028 4373 4392 4644 4656 4673 4739 4917
42 647 766 1099 1309 1433 1469 1495 1668 1692 1702 2121 2132 2447 2525 2694 2784 3070 3100 3259 3389 3403 3497 3500 3546 3566 3880 4305 4378 4455 4555 4590 4732 4793 4810 4977 4984 4986
292 797 992 1217 1309 1321 1768 1816 2069 2144 2602 2630 2680 2685 2918 3134 3315 3528 3534 3628 3636 3722 3895 4031 4047 4213 4243 4253 4339 4351 4369 4376 4527 4665 4778 4993
321 366 519 589 629 880 1234 1235 1295 1309 1426 1481 1666 1702 1793 2122 2313 2417 2486 2578 2688 2690 2766 3120 3138 3500 3504 3539 3823 3896 4383 4384 4844 4849 4891 4984
138 495 539 738 996 1003 1155 1284 1425 2381 2445 2576 2993 3169 3492 3501 3906 4095 4150 4361 4375 4504 4669 4845 4983
316 400 599 1253 1281 1422 1890 2668 2875 3297 3310 3430 3510 3560 3760 4303 4345 4504
205 226 239 539 605 875 886 1607 1649 1694 2027 2031 2278 2585 2741 3099 3485 3587 3895 4373 4714
138 431 1550 1855 1880 2249 2772 3094 3995 4365 4411 4616 4818
424 1341 1589 1601 2061 2204 2242 2505 2939 3475 3770 3845 4736 4739 4839
286 599 1493 1533 2061 2210 2398 2492 2594 2808 2987 3767 4308 4781 4954
128 135 365 506 527 543 788 1109 1192 1248 1443 1465 1668 1757 1802 1915 1922 1968 1994 2030 2037 2043 2108 2117 2207 2804 2853 2947 3012 3027 3071 3186 3226 3315 3473 3564 3591 3724 4100 4256 4370 4446 4547 4711 4744 4877 4972
49 129 172 185 587 1046 1144 1618 3591 3598 3680 3690 3741 3832 4041 4391 4397 4414 4426 4486 4576 4726 4936 4983 4987
26 862 1040 1156 1191 2083 2688 3114 3252 3387 3714 3828 4004 4244 4529
48 408 656 824 938 2008 2308 2347 2537 2656 3024 3400 3505 4555 4965
155 1174 1367 1469 1706 1766 2712 3172 3472 3774 4591 4754
390 760 875 938 1679 2273 2415 2877 2901 2978 3643 3936 4038 4210 4759
135 945 990 1157 1562 1610 1654 1910 1943 2372 2826 3040 3114 3209 3401 3420 3510 3601 3729 4077 4770 4776 4974
948 1700 2445 2609 2889 2899 2915 3069 3163 3281 3637 3654 4036 4115 4118 4391 4608 4732 4799 4836 4849 4915
447 504 1101 1327 1804 1945 2164 2314 2347 2537 3746 4756
51 727 1155 1446 1647 1694 1730 1816 1843 1874 2347 2491 2761 3049 3411 4354 4761 4807
149 239 386 484 499 521 623 661 870 1016 1211 2003 2321 2476 2761 3019 3243 4050 4061 4148
450 460 536 632 972 1205 1720 4301 4662 4723 4999
26 41 158 368 1676 1769 2179 2372 2387 2391 3253 3614 3690 4036 4814
16 19 191 331 461 484 557 950 1521 1621 1700 1915 2268 2349 2370 2683 3494 3570 4447 4685
19 257 321 425 527 539 761 932 952 1048 1336 1639 1880 2289 2454 2848 2978 3096 3647 3747 3891 4186 4388 4729 4865 4878
12 447 757 1241 1885 2234 2368 2805 2891 3054 3140 3210 3245 3630 4342 4476
61 88 147 270 654 1455 1523 1853 2552 2850 2924 3044 3330 4172 4228 4489 4526 4738 4904
79 296 526 1509 1736 1872 2381 2517 2555 2609 2805 3277 3466 4000 4342 4931
24 66 507 842 1314 1763 2413 2437 2660 2702 4294 4484 4614 4891
572 654 854 1023 1124 2004 2053 2138 2757 3322 3691 3885 3904 4000 4102 4123 4325 4457 4563 4731 4743 4791
450 753 1313 1700 1845 1880 2734 3630 4363 4447 4794
79 450 528 594 897 1188 1279 1295 1401 1461 1605 1616 1617 1796 1969 2090 2446 2599 2832 2987 3008 3257 3293 3915 3932 4212 4358 4484 4614 4682
29 383 727 988 1199 1823 1977 2201 2647 2653 2949 3327 3649 3767 3832 4099 4175 4347 4620 4628 4633 4803 4840 4856 4928
24 405 778 1322 1701 2206 3184 3724 3958 4339 4478 4589 4962 4988
13 50 299 447 494 506 696 920 1448 1562 2083 2118 2154 2331 2388 2416 2519 3123 3140 3364 3382 3866 4047 4073 4146 4180 4221 4582 4718 4752 4800 4837
370 540 613 742 756 1589 2203 2368 2612 2669 3404 4215 4315 4329 4454 4663
219 592 722 889 1262 1656 1658 4376 4383 4731 4756 4852
183 233 482 727 1219 1341 1541 1609 1639 1666 2133 2178 2391 2799 2802 2820 2910 3011 3014 3229 3304 3643 3741 3762 3802 3814 3845 3978 3987 4180 4276 4405 4415 4461 4462 4472 4717 4844 4852 4978
48 87 144 395 1015 1045 1099 1187 1219 1341 1377 1441 1479 1485 1570 1787 1835 1916 2479 2830 2865 3032 3301 3322 3488 3518 3525 3649 3932 3948 3984 4018 4038 4498 4503 4666 4908 4933 4969
570 609 772 889 928 1126 1169 1312 1729 1734 1887 2395 2475 2557 2561 2831 2857 2875 2938 3106 3305 3342 3443 3720 3930 4101 4112 4208 4225 4341 4434 4497 4542 4615 4675 4688 4698 4722 4856 4866 4954
97 692 740 1444 1771 1911 2105 2283 2518 2561 3176 3348 3672 3740 3828 3929 3974 4015 4234 4351 4752
210 1347 1564 2820 3193 3551 4450 4674 4856 4953 4993
19 218 231 332 429 441 641 1120 1525 2085 2679 2719 2774 2844 3461 3518 3987 4352 4864
749 893 1165 1660 2468 2900 4131 4444 4589 4806
77 139 774 1204 1600 1686 1767 2020 2663 2688 3087 3864 3874 4035 4611
49 386 471 559 926 1029 1205 1446 1606 1719 2186 2415 2876 2900 3156 3365 3387 4464
353 481 604 778 1088 1180 1240 1382 1757 2217 3201 3742 4212 4234
712 787 1078 1272 1517 2082 2944 3064 3233 3289 3304 3585 3792 4454 4761 4942 4968
80 377 407 738 951 1312 1611 1641 1843 2098 2109 2515 2957 3130 3455 3537 4019 4141 4240 4317 4347 4411 4672 4726 4894
1516 1522 2153 2915 2984 3051 3525 3588 3597 3918 4391 4923
209 817 1081 1449 1457 1732 2121 3254 3333 3680 3745 3768 3982 4141 4282
5 479 857 885 1015 1470 1477 1490 1694 1779 1781 1888 1929 2026 2115 2614 2743 2757 3084 3666 3741 3987 4034 4074 4081 4130 4226 4349 4400 4513 4552 4608 4705 4791 4846 4849 4913 4982 4988
53 112 200 695 871 879 1224 1238 1362 1518 1523 1639 2057 2103 2243 2399 2499 2818 2942 2972 3209 3415 3668 3852 3900 4081 4346 4412 4776 4812 4857 4869
763 764 1812 2319 2503 3203 3930 4003 4243 4470 4562
147 407 493 997 1347 1362 1372 1527 1711 1760 1848 1943 1979 2940 3379 3401 3473 3811 4103 4256 4348 4600 4712
238 300 473 705 731 1541 1595 1623 2544 2548 2622 3160 3366 3421 3495 3936 4464 4799
729 933 943 1225 1259 1499 1510 1752 1908 1984 2027 2110 2245 2391 2415 2529 2542 3036 3062 3072 3210 3378 3420 3670 3954 4220 4422 4774 4956
185 439 769 1092 1258 1438 1459 1557 2007 2344 2473 2642 2930 2969 3334 3425 3475 3596 3862 3992 4172 4220 4244 4272 4368 4424 4602 4973
564 894 939 1074 1124 1234 1366 1421 1606 1676 1693 1913 2003 2058 2175 2176 2188 2260 2325 2362 2396 2412 2738 2918 2933 3028 3457 3526 3533 3557 3569 3587 3633 3725 3869 3879 3887 3899 3974 3996 4143 4406 4469 4773 4879 4904 4928 4997
504 1562 1637 2151 2485 2520 3054 3429 3921 4087 4518
286 337 479 1056 1170 1187 1373 1556 1598 1943 1980 2318 2386 2693 2770 3058 3433 3734 3862 3962 4057 4478 4656 4762
474 757 1001 1012 1194 1536 2547 2565 2587 2672 2707 2770 2890 2917 2924 3645 3744 3857 3864 4058 4164 4467
14 169 540 573 712 1307 2232 2469 2556 3288 3423 3532 3584 4249 4424 4638 4915
471 526 686 916 1038 1820 1838 2402 3049 3094 3157 3285 3362 3816 3832 4111 4748 4972
81 186 225 376 398 540 596 642 1066 1116 1204 1557 1684 1937 2304 2499 3075 3464 4012 4065 4090 4159 4314 4387 4611 4944 4948
332 357 478 650 698 711 910 914 1145 1175 1307 1412 1626 1726 2090 2314 2400 2578 2844 3025 3195 3397 3461 3649 3747 3885 4053 4065 4171 4186 4360 4381 4401 4421 4578 4681 4742 4874 4931 4936
545 584 854 868 953 987 1427 1490 1547 1977 2123 2134 2141 2303 2428 2566 2621 2767 2877 2900 3210 3317 3535 3813 3867 3893 3969 4243 4441 4450 4472 4730 4787 4953 4957
140 742 775 935 1390 2116 2819 2948 3371 3998 4000 4031 4399 4411 4779 4790
293 825 1360 1462 2289 2428 2740 2810 3519 4434 4871 4924 4945
452 658 1227 1249 1657 1798 2481 3832 4358 4611 4851
33 59 350 379 685 709 763 853 951 954 1388 1559 1626 1647 2069 2785 2970 4568 4621 4722 4802
116 117 225 246 329 555 589 697 854 959 1008 1264 1267 1291 1298 1413 1422 1490 1813 2002 2005 2209 2244 2351 2360 2453 2486 2511 2596 2606 2680 3041 3084 3401 3552 3646 3734 3935 4054 4447 4493 4504 4528 4559 4622 4753 4899
42 254 311 399 508 548 550 583 832 928 1078 1099 1142 1578 1653 1655 1779 1987 2609 2633 2747 2787 2794 3291 3546 3605 3665 3928 4031 4053 4069 4132 4187 4329 4366 4900 4905 4924
118 194 223 670 698 852 990 1013 1065 1144 1178 1421 1467 1785 1873 1894 2139 2243 2392 2525 2601 2870 2880 3152 3328 3331 3405 3408 3610 3627 3990 4096 4128 4246 4378 4584 4627 4864
177 258 321 329 377 378 418 545 723 751 923 1508 1975 2053 2162 2185 2589 2781 3009 3314 3461 3510 3551 3661 3843 3979 4129 4506 4530 4543 4547 4723 4791 4957 4989
61 150 209 216 233 458 513 729 894 983 1217 1315 1444 1665 1685 1758 1765 1798 1812 2361 2763 2782 2961 3769 3792 3875 4202 4263 4315 4490 4655 4740
322 366 422 429 488 555 588 1129 1296 1399 1434 1619 1713 1969 2022 2109 2139 2180 2236 2254 2433 2627 2747 2765 2830 3067 3124 3236 3381 3402 3502 3787 3816 3955 3998 4129 4321 4432 4598 4668 4731 4747 4909 4926 4999
21 1019 1726 1754 1992 2136 2610 3233 4025 4245 4766
212 698 948 1299 1484 1695 1734 2689 2801 2835 2962 3622 3980 4050 4276 4797
128 176 856 994 1366 1687 2722 3292 3464 3634 3688 3846 4018 4028 4528 4777
3 44 48 230 263 472 525 755 797 959 1007 1025 1444 1464 1760 1866 1889 1983 2115 2300 2325 2440 2520 2765 2784 2816 3205 3450 3594 3744 3977 4007 4180 4189 4207 4252 4466 4488 4772 4784 4906
32 64 129 248 1146 1726 2058 2265 2273 2278 2503 2512 2993 3205 3391 3429 3454 3523 3877 3915 4190 4745 4964
513 729 1027 1152 1890 2104 2289 2309 3049 3239 3362 3404 3983 4009 4542 4611 4667 4781
217 546 879 1458 1519 1544 1704 2344 2401 3073 3080 3090 3184 3688 3918 4040 4533 4611
282 385 617 655 703 1007 1799 1990 2353 2423 2437 2516 2700 2728 2774 2782 3152 3153 3333 3690 3885 3988 4062 4308 4531 4555 4635 4749 4802 4818
129 231 322 465 688 762 873 982 1189 1780 1921 1937 1957 2037 2306 2496 2869 2933 3355 3523 3622 3653 3880 3931 4085 4088 4262 4342 4397 4620 4667 4725 4796
7 18 183 522 703 1390 1421 1632 1904 2084 2332 2549 2821 2945 3051 3109 3149 3191 3325 3378 3614 3854 4109 4123 4190 4555 4592 4844 4932
70 208 309 310 790 1047 1124 1347 1372 1412 1438 1459 1526 1555 1564 1772 1887 2025 2217 2282 2380 2424 2771 2931 2945 2965 3076 3190 3370 3587 3591 3711 3723 3895 4076 4190 4252 4304 4346 4429 4444 4669 4753 4833 4845 4851 4903 4939
285 304 595 669 689 733 750 782 1169 1234 1248 1446 1545 1807 1812 1876 2260 2277 2445 2494 2844 2887 2945 3222 3330 3429 3557 3730 3840 3887 3922 3996 4151 4155 4161 4185 4252 4295 4304 4313 4317 4469 4524 4587 4632 4673 4918 4990
52 133 1034 1091 1612 1645 1657 2301 2496 2521 2612 2743 3195 3491 3987 4190 4575 4709 4929
52 120 368 479 820 950 1015 1157 1350 1420 1485 1490 1655 1717 1743 1787 2105 2224 2252 2370 2786 2842 2976 3002 3572 3682 3778 3933 4114 4291 4324 4361 4398 4566 4570 4768 4801 4812 4992
380 507 1183 1637 1702 2163 2491 3636 3798 4095 4840
96 231 618 641 850 961 1657 2473 3152 4003 4839
1 46 316 546 711 859 926 1148 1191 1232 1431 1439 1510 1549 1801 2093 2203 2405 2621 2639 2673 2946 3278 3473 3548 3834 3989 4138 4270 4362 4388 4525 4533 4858
438 589 920 1627 2000 2007 2145 2452 2473 2642 2747 2914 3019 3044 3305 3515 3700 3705 4054 4202 4242 4334 4490 4707 4921 4939 4972 4989
620 699 1290 1473 1709 2000 2115 2165 2184 2550 2738 2788 2823 2900 2948 2989 3067 3164 3241 3420 3983 4007 4061 4074 4093 4161 4217 4324 4391 4407 4663 4764 4777 4797 4815 4929 4971
689 758 853 892 955 1070 1541 1577 1815 2363 2850 2936 3719 3749 3893 4106 4109 4163 4914
474 475 548 805 897 945 1859 1910 1958 1985 2132 2160 2489 2608 2629 2671 2743 2794 2831 2864 2873 3103 3335 3499 3714 3723 3801 3862 3938 3948 3958 4021 4077 4095 4171 4477 4890 4930
3 53 263 555 590 669 732 786 993 1008 1012 1938 2230 2450 2886 2899 2955 2998 3030 3067 3563 3699 3779 3882 3925 3940 4022 4245 4266 4284 4358 4397 4401 4560 4672 4701 4752 4812 4897 4906 4961
710 825 1225 2945 3229 3277 3397 3477 3654 3803 4620 4967 4992
129 426 1028 1920 2458 3032 3572 3695 3732 4324 4415 4741
52 61 207 225 250 314 379 380 470 535 674 687 930 1082 1187 1257 1274 1428 1519 1854 2013 2051 2243 2310 2342 2616 2661 2914 3001 3055 3127 3279 3326 3504 4008 4153 4309 4432 4506 4507 4537 4572 4751 4935 4940 4998
26 29 243 256 376 460 463 735 921 1148 1223 1238 1618 1916 2066 2139 2244 2401 2451 2801 2810 2818 2871 2874 3071 3189 3228 3466 3520 3556 3798 3869 3902 4050 4120 4166 4257 4282 4451 4561 4760 4811
318 629 737 910 968 1162 1232 1551 1791 1896 1904 1910 2174 2565 3000 3097 3171 3199 3278 3378 3877 3990 4051 4211 4300 4386 4486 4933 4993
31 311 752 876 934 1151 1338 1743 1854 1952 1957 2003 2110 2298 2744 2874 3191 3473 3502 3550 3635 3944 4030 4133 4241 4248 4270 4401 4591 4704 4780 4854 4973 4977
191 224 282 599 685 929 1157 1614 1684 1706 1790 1792 2124 2278 2697 2865 3535 4088 4163 4216 4252 4364 4396 4593 4784 4982 4985
10 279 522 962 1129 1231 1459 1529 1607 1911 1989 2000 2042 2483 2578 2671 2708 2771 2965 3038 3043 3056 3088 3124 3354 3421 3605 3753 3855 3929 3936 4136 4140 4196 4214 4280 4364 4378 4468 4473 4501 4680 4728 4736
29 138 309 1162 1635 2208 2618 2752 2919 3160 3389 3401 3811 3877 4171 4360 4442 4598 4708 4749 4810 4828 4994
913 935 1247 1450 2133 2162 2268 4516 4587 4697
67 87 139 420 705 1526 1986 2219 2222 2332 2902 2934 3156 3242 3362 3760 3803 4936
328 472 806 982 1130 1238 1511 1543 1598 1952 2019 2144 2153 2239 2632 2679 2974 3082 3173 3277 3312 3498 3628 3676 3683 4229 4521 4574 4592
1008 1227 1849 1903 2664 3038 3491 3831 4055 4522 4557 4923
79 304 393 590 839 890 923 954 968 1151 1240 1353 1501 1511 1568 1582 1611 1642 1911 1975 2002 2103 2207 2439 2480 2577 2735 2827 2973 3138 3331 3333 3410 3570 3646 3679 3763 3872 3957 4027 4214 4348 4394 4433 4500 4637 4927
215 339 381 391 556 932 1355 2175 2798 3568 4339 4388 4643 4824
40 92 245 287 559 1287 1288 1416 1518 1596 1612 1645 1656 1710 1711 2081 2107 2437 2512 2614 2708 2781 2788 2955 3115 3368 3603 3703 4253 4377 4463 4526
354 369 569 655 750 823 903 1023 1080 1129 1172 1253 1488 1491 1599 1896 2090 2260 2610 2800 3011 3029 3130 3140 3264 3324 3380 3425 3447 3598 3839 4061 4083 4394 4593 4644 4647 4676 4763 4890 4968
111 333 365 514 518 549 772 962 1029 1047 1137 1140 1385 1481 1565 1717 2357 2367 2412 2491 2779 2900 2945 3137 3236 3288 3301 3447 3479 3498 3583 3637 3680 4074 4107 4109 4215 4244 4275 4416 4465 4500 4719 4744 4750 4912 4940 4982
337 425 442 505 794 899 1285 1286 2090 3184 3214 3310 3316 3354 3379 3440 3449 3481 3485 4057 4161 4525 4639 4962
1086 1212 1627 1949 2303 2801 2899 4266 4538 4766 4859
9 299 313 697 1681 2102 2514 2691 2831 2898 2901 3654 4661
172 462 602 974 1157 1240 1258 1299 1402 1453 2212 2326 2376 2395 2398 2478 2744 3078 3217 3514 3670 3800 3846 4008 4103 4139 4146 4173 4438 4444 4483 4494 4512 4988
1 68 368 377 380 423 637 777 913 942 1150 1152 1338 1405 1406 1447 1766 1856 1896 2089 2699 3374 3804 3914 3967 3968 4213 4294 4430 4512 4536 4546 4801 4916 4935 4952
178 312 408 429 502 549 613 697 707 771 1216 1504 1856 1901 2015 2377 2473 2575 2728 2760 2776 2831 2844 2876 2941 3122 3384 3821 3929 3970 4063 4149 4158 4247 4345 4395 4459 4479 4507 4551 4720 4738 4766 4779
8 777 783 887 1432 1491 1519 1561 1728 2624 3335 3716 4382 4475 4497 4708 4721 4995
139 457 742 1002 1133 1238 1477 2735 2793 2915 2993 3324 3346 3698 3782 4090 4384 4496
408 465 545 578 811 865 1307 1678 1787 1815 1914 2010 2205 2437 2563 2581 2585 2961 3312 3496 3918 3921 3975 4040 4134 4248 4355 4394 4436 4646 4675 4679 4688 4740 4953
94 172 1380 1458 1647 2054 2608 2679 2910 3145 3481 3588 3792 3934 4224 4426 4707
149 301 910 931 1051 1230 1541 1554 2007 2612 3172 3516 3523 3620 3925 3946 4640 4709 4996
277 345 571 792 999 1126 1264 1386 1477 1604 1631 1721 1830 1853 1892 2081 2332 2353 2475 3016 3050 3098 3234 3238 3279 3448 3711 3814 3974 4060 4291 4407 4473 4518 4542 4590 4906
351 477 842 927 1225 1790 1924 2114 2271 2424 2814 2935 2990 3130 3238 3325 3374 3403 3430 3541 3654 3694 3997 4067 4359 4871 4989
291 948 1274 1447 1525 1541 1634 1646 2735 3540 3566 3719 4087 4262 4470 4709 4736 4888 4924
49 61 277 368 414 523 527 596 700 930 1235 1322 1386 1596 1686 1699 2114 2115 2163 2177 2286 2390 2544 2560 2564 2594 2801 3087 3202 3463 3499 3534 3575 3643 3644 3846 3984 4076 4186 4276 4366 4396 4599 4749 4766 4875
297 1467 1475 1977 2989 3277 3477 3597 3694 3869 4058 4736 4940
873 1138 1302 2102 2314 3584 3597 3654 3918 3947 4067 4272 4968
698 1021 1348 1536 1605 1736 1954 2113 2472 2929 3060 3182 3237 3464 4477 4510
239 639 942 1034 1531 1693 1835 2229 2425 2785 2890 2978 3123 3169 3524 3534 3572 4308 4325 4765 4996
4 122 548 1292 1410 2090 2208 2521 2587 3264 3655 3771 3944 3958 4220 4226 4615 4753
64 694 955 974 1048 1352 1439 1627 2151 2476 2839 2867 2963 3423 3651 3670 3730 3981 4167 4208 4473 4475 4497 4514 4538 4779
108 201 320 528 579 627 734 910 975 1263 1291 1317 1320 1554 1658 1770 1779 1937 1954 2132 2185 2265 2311 2656 2796 3195 3241 3279 3531 3916 4169 4176 4337 4648 4712 4727 4949 4981
152 294 732 823 827 838 944 1395 1472 1544 1547 1554 1678 1754 2085 2654 3278 3801 3803 3879 4035 4274 4288 4395 4415 4440 4487 4515 4598 4628 4756 4798 4828 4858 4880
1315 1526 1574 1696 1772 2481 2601 3348 4023 4261
110 226 244 805 827 1127 1148 1263 1423 1521 1901 1953 1967 2009 2013 2066 2281 2512 2560 2609 2682 2908 3202 3377 3402 3455 3491 3745 3831 3996 4033 4114 4131 4199 4215 4329 4388 4414 4599 4619 4729 4875 4937 4953 4955 4984
692 888 993 1424 1584 1617 1937 2180 2925 3044 3400 3740 4139 4217 4829 4948
67 123 373 858 987 1178 1313 1596 1671 1679 1969 2316 2363 2430 2481 2639 2722 3401 4097 4172 4493 4506 4508 4533 4653 4663 4776 4992
272 1525 1727 2145 2287 2709 2940 3291 3468 3616 4180 4469 4932
116 121 189 267 568 669 1020 1126 1151 1319 1440 1483 1584 1590 1858 2002 2069 2207 2390 2482 2675 2799 2864 3053 3059 3309 3314 3321 3333 3358 3538 3565 3577 3642 3722 3755 3768 3847 4149 4280 4288 4354 4368 4562 4762 4878 4883
145 183 315 554 755 815 1605 1665 1697 1771 1876 2330 2596 2724 3020 3246 3411 3609 3811 4110 4225 4630 4730
230 636 823 858 1329 1793 1878 1927 1957 2180 2849 3437 3566 3690 4569 4660
25 74 578 786 874 1022 1181 1351 3911 3951 4256 4830
187 877 1241 1720 1906 1975 2104 2109 2267 2552 2819 2871 2985 3051 3154 3288 3312 3442 3570 3677 3799 4051 4085 4107 4227 4386 4517 4592 4635
87 339 833 899 1031 1082 1182 2087 2914 2938 3113 3599 4107 4589
155 488 513 709 769 1966 2088 2135 2673 2683 2767 2821 3265 3558 3620 3765 3816 3856 4909 4988
6 33 121 159 192 231 673 916 1369 1562 2266 2275 2353 2608 2754 2785 3078 3264 3373 3436 3566 3603 3739 3852 3921 4202 4326 4402 4463 4519 4623 4892
794 796 1010 1558 2239 2738 2850 3520 3655 3873 4157 4426 4695
210 575 701 2358 2369 2534 2819 3075 3370 3491 4245 4545
339 780 1091 1198 1776 2114 2255 2294 2619 2814 4157 4872 4995
93 277 477 537 961 1084 1107 1292 1521 1623 1651 1733 1750 1780 2152 2165 2357 2721 2884 2924 3126 3345 3636 3644 3871 3950 3984 4042 4270 4291 4292 4319 4350 4407 4440 4699 4890
140 209 355 522 538 917 921 931 948 1044 1177 1835 2250 2313 2557 2616 3083 3455 3652 3843 3857 4170 4529 4597 4793
152 395 767 1078 1193 1474 2322 2581 2726 2824 2947 3164 3427 3665 3942 3974 4079 4135 4253 4599 4754 4823
27 68 95 331 355 362 422 467 705 760 937 1027 1182 1211 1542 1592 1754 1967 2065 2158 2244 2344 2803 2917 3016 3044 3050 3278 3402 3470 3642 3723 3735 3742 3765 3791 4038 4198 4251 4280 4345 4368 4477 4549 4659 4683 4913 4934 4951 4980
40 247 278 863 1012 2119 2208 2479 2673 2707 2804 2930 2935 3441 3593 3737 3763 3891 3932 4163 4287 4962
405 2005 2042 2061 2235 2476 2673 2674 2814 2839 3163 3243 3264 3396 3782 4318 4386 4387 4593 4795 4811 4829
31 88 92 163 187 371 708 787 808 934 1096 1126 1231 1360 1528 1890 2037 2130 2363 2479 2648 2713 3539 3678 3744 3755 3785 3851 3996 4075 4121 4140 4173 4192 4214 4224 4281 4405 4411 4568 4683 4777 4875 4982
31 85 267 316 1497 2178 2627 3028 3051 3263 3665
1458 1544 1745 1883 2105 2174 2262 2569 2706 2874 3013 3471 3641 3708 3715 4008 4148 4432
675 930 1412 1908 2159 2768 2792 2890 2896 3027 4025 4341 4641 4822
931 957 963 1681 1812 2406 2465 2486 2547 2709 3317 3511 3961 4263 4350
99 109 402 501 543 616 657 769 777 920 1047 1099 1275 1600 1748 1792 1835 1885 2105 2178 3195 3215 3275 3331 3370 3452 3528 3550 3592 3767 3846 3883 3929 3994 4105 4146 4263 4350 4569 4643 4695 4836 4907 4912
233 271 282 759 822 928 962 1110 1391 1395 1610 1669 1700 1851 1917 2014 2034 2089 2164 2195 2221 2239 2266 2544 2761 2790 2818 2955 2976 3010 3325 3331 3594 3698 3760 3808 3959 4369 4437 4461 4486 4499 4637 4668 4798 4815 4818 4963 4991
34 349 778 2053 2797 2799 2810 2940 3000 3241 3298 3345 4416 4492 4723 4864 4871
314 341 393 398 1389 2012 2039 2057 2103 2163 2170 2374 3226 3988 4292 4723 4784
53 181 689 797 1277 1668 3796 4407 4571 4591 4891
1049 1107 1538 1709 1983 2034 2048 2923 2991 3042 3053 3117 3156 3315 3973 4028 4079 4122 4212 4377 4872 4894
185 243 392 655 838 942 1405 1813 2037 2165 2276 2667 2910 3391 3529 3539 3688 3875 3953 4676 4923
262 359 410 444 655 656 692 1207 1270 1447 1908 2136 2278 2929 3070 3319 3686 3768 3889 4531 4696
63 94 106 194 220 266 464 666 717 735 742 972 995 1227 1385 1738 1816 1896 1990 2585 2744 2782 2847 2942 3143 3176 3192 3210 3291 3450 3591 3700 3763 3992 4133 4144 4202 4261 4366 4367 4443 4500 4540 4679 4681 4714 4741 4796 4909 4965
148 343 558 881 953 1455 1522 1670 1815 2109 2345 2411 2537 2714 3060 3157 3174 3231 3237 3790 3823 3831 3897 4208 4463 4729
733 1250 1282 1362 1584 2246 2489 3754 3873 4047 4163 4774
273 558 1203 2772 2942 2949 3908 4063 4538 4576 4660
50 222 302 463 564 626 751 765 853 986 1026 1275 1417 1501 1530 2165 2303 2469 2570 2610 2689 2750 2771 2845 3193 3285 3323 3747 3783 3819 4033 4053 4210 4269 4276 4674 4920
401 594 1202 1242 1630 1756 1832 2140 4621 4632 4975
105 447 585 674 703 827 1365 1474 1521 1549 1596 1600 1621 1744 1770 1776 1854 1967 2175 2184 2189 2205 2365 2538 2680 2685 2827 2921 2991 3033 3252 3276 3403 3430 3472 3596 3671 3756 4008 4382 4385 4498 4626 4734 4852 4884
237 408 738 1246 1605 1682 1831 2153 2259 3085 3265 3506 4040 4340 4510 4914
929 931 1032 1171 2092 2180 2551 2718 2848 3000 3348 3466 3506 3861 4603 4943
588 611 625 972 1304 1677 2604 2722 3391 4505
282 416 1602 1899 3000 4044 4412 4590 4621 4690 4989
236 811 961 1066 1101 1263 1271 1578 1731 1761 1779 1820 1923 1932 2023 2093 2382 2804 3142 3256 3276 3549 3674 3837 3854 3896 4018 4185 4341 4417 4453 4468 4565 4691 4802 4865 4866 4927
365 489 570 694 769 924 1293 1473 1647 1824 2080 2489 2875 2909 2917 2976 3005 3026 3276 3295 3745 3873 3976 4023 4025 4188 4876 4878
258 266 274 929 1029 1241 1313 1772 2301 2455 2485 2621 2657 2662 3099 3171 3179 3308 3321 3489 3647 3832 3866 3873 3931 4072 4091 4149 4165 4506 4593 4616 4660
309 875 1216 1489 1607 1848 1885 2031 2378 2445 2536 2556 2632 2971 2992 3117 3465 3505 3640 3646 3850 3962 4169
28 319 362 385 476 539 597 870 980 1198 1265 1720 2189 2196 2216 2492 2862 2971 3125 3492 3497 3529 3622 3636 3983 4108 4160 4221 4297 4944
619 1899 2920 3071 3261 3814 3855 3860 4064 4486 4772
40 932 1128 1323 1802 1890 2216 2539 2903 3242 3400 4053 4583 4979
278 594 941 953 1490 1529 1582 1961 2055 2422 2749 3640 4426
555 794 1186 1546 1866 2129 3047 3479 4546 4608
31 67 161 283 297 355 399 430 488 1133 1258 1296 1399 1406 1565 1679 1957 2074 2706 2768 2784 2923 3295 3390 3446 3503 3764 3886 3945 4036 4158 4244 4245 4335 4422 4624 4674 4704 4746 4754 4777 4848 4910
549 747 816 1056 1161 1254 1529 2202 2573 2867 3004 3031 3199 3313 3809 3828 4404 4493 4628 4676 4869
314 326 711 1261 1363 1738 1756 2505 2537 2566 2672 2807 4308 4536 4989
231 565 782 1269 1277 1711 1743 2074 2094 2216 2312 2451 3214 3238 3355 3397 3554 3732 3896 3943 3962 4134 4396 4402 4463 4640 4661 4664 4783 4892 4956 4980
187 221 452 603 622 1013 1137 1231 1262 1336 1627 1770 1859 2015 2031 2074 2117 2186 2314 2357 2393 2450 2577 2648 2942 3001 3080 3107 3116 3170 3455 3550 3768 3915 3929 4139 4289 4417 4568 4638 4889 4925 4945 4948
33 50 246 304 319 562 611 693 1173 1198 1234 1390 1406 1784 2059 2374 2402 2478 2485 2563 2652 2718 2869 2964 3143 3202 3318 3393 3642 4197 4409 4745 4922
113 123 363 438 465 502 621 652 689 1450 1466 1512 1561 1836 1851 1904 2025 2042 2059 2073 2080 2117 2135 2174 2449 2837 3007 3082 3213 3523 3633 3964 4309 4318 4460 4485 4493 4671 4695 4700 4725 4765 4843 4900
4 257 386 458 694 996 1449 1455 1500 1703 2096 2106 2581 2750 3038 3084 3158 3321 3486 3544 3563 3574 3647 3986 4475 4496
85 431 491 521 2180 2580 2849 3131 3321 3443 3746 4053 4154 4504 4579 4811
215 405 478 960 1485 1529 2005 2326 2632 2751 2865 2871 2991 3541 3828 3878 4151 4354 4363 4469 4795 4822
6 79 275 376 393 521 727 1007 1106 1175 1205 2235 2344 2623 2669 3600 3779 3931 4043 4961
68 245 665 881 1118 1884 1915 1939 2106 2683 2876 2890 2912 3259 3334 3400 3630 3707 3715 4434
530 1064 1344 1355 1564 3305 3348 3988 4364 4690
322 496 702 1340 1608 1756 1898 2679 2933 3171 4644 4830 4831 4843 4921
203 1155 1288 1588 1621 1648 1961 2027 2068 2205 2215 2261 2545 2620 2836 3764 3819 4094 4146 4227 4228 4529 4635 4762
36 645 899 1152 1210 1217 1243 1427 1736 2475 2975 3063 3518 4134 4158 4162 4210 4339 4456 4538 4844
579 626 1035 1410 1452 1518 1795 2100 2110 2289 2332 2545 2564 2578 2719 2914 2969 3181 3237 3550 3568 3569 3592 3759 3912 3919 4116 4153 4215 4248 4269 4354 4477 4510 4578 4639 4640 4711 4725 4737 4759 4780 4918 4960
448 621 788 899 1202 1410 1565 1744 1883 2516 2563 2708 3168 3201 3317 3324 3346 3646
64 68 95 185 187 482 524 587 743 1013 1040 1289 1355 1666 1857 2186 2303 2480 2556 2585 2805 2816 2826 3203 3437 3526 3532 3561 3618 3750 3845 4005 4045 4117 4294 4515 4517 4655 4828 4860
491 528 739 926 1140 1263 1270 1438 1450 1561 1634 1686 1747 1766 1767 2014 2024 2242 2298 2300 2352 2366 2416 3019 3098 3171 3680 3800 3806 3845 3865 4007 4095 4233 4489 4632 4701 4724
8 43 78 178 350 520 573 693 751 778 796 920 1299 1397 2149 2581 2621 2629 3204 3311 3398 3481 3576 3636 3745 3748 3943 4004 4290 4456 4536 4549 4866 4888 4941 4964
16 621 876 980 1353 1360 1733 1848 1980 2238 2815 3102 3263 3357 3502 3567 3707 4657 4721 4729
118 257 733 961 1510 2059 2184 2403 2544 2634 2915 3280 3285 3404 3518 4017 4154 4359 4697 4869 4916
101 514 574 1005 1036 1352 2579 2595 2961 3062 3448 3681 3700 3719 3827 3911 3914 4383 4542
592 794 822 840 858 1000 1035 1275 1418 1469 1470 1501 1854 2063 2332 2551 2884 2988 3012 3020 3658 3757 4058 4135 4210 4328 4371 4580 4699 4781 4807
17 259 578 1063 1571 1899 2163 2314 2433 3627 4661
40 86 439 502 511 542 962 1194 1554 1657 1874 2545 2931 2952 2976 3595 3649 3798 4113 4284 4414 4479 4487 4535 4683 4742 4787 4992
14 27 62 679 756 1037 1054 1342 1547 1643 1907 1925 2386 2431 2432 2522 2608 2759 2848 2947 3299 3502 3759 3933 4022 4402 4418 4496 4600 4892 4948 4957
42 315 687 827 1112 1405 1802 1981 2085 2417 2623 2693 2834 2858 2894 2906 3103 4124 4154 4158 4195 4464 4480 4503 4578 4776 4965
8 243 285 517 599 846 938 954 1302 1686 1844 2145 2236 2546 2629 3075 3098 3167 3411 3457 3623 3632 4069 4235 4688 4734 4871
21 84 354 647 652 661 886 934 945 1006 1113 1154 1162 1235 1274 1309 1341 1468 1773 1776 1828 2163 2201 2310 2343 2436 2578 3046 3111 3302 3723 3826 3877 3887 4008 4090 4413 4487 4707 4721 4742 4808 4835 4875 4906 4967
6 48 254 388 485 528 661 664 687 720 783 960 1240 1401 1563 1586 1884 2615 2785 2865 2881 2970 3029 3050 3263 3369 3459 3470 3744 3913 3953 4004 4162 4171 4411 4741 4774 4927
163 254 709 785 1100 1555 1557 1792 1880 2025 2049 2072 2186 2207 2486 2572 2724 2836 2921 2969 3014 3017 3168 3195 3296 3304 3582 3706 3741 3759 3951 4194 4211 4219 4294 4316 4351 4436 4478 4561
481 673 725 760 814 1141 1178 1258 1284 1289 1378 1477 1510 1564 1583 1622 1733 1781 1866 1876 2001 2213 2310 2677 2854 2868 2878 2948 3121 3161 3183 3267 3302 3477 3487 3535 3548 3587 3791 3956 4168 4294 4351 4415 4436 4495 4558 4710 4833 4961
92 219 364 652 653 710 837 1330 1377 1718 1768 1816 1901 2122 2335 2499 2529 3120 3168 3252 3314 3337 3417 3859 4004 4030 4044 4137 4296 4545 4551 4857 4912
100 186 211 756 874 1741 1780 2021 2030 2518 2888 2976 3084 3168 3217 3242 3672 3852 3857 3982 4021 4063 4099 4239 4286 4730 4787 4872
333 370 387 422 755 862 2082 2379 2825 3497 3547 3594 4777 4813
52 319 886 1173 1204 1899 2988 3136 3934 4062 4578
103 197 262 322 422 790 1009 1129 1140 1184 1194 1201 1315 1422 1434 1674 2030 2068 2341 2501 2525 2527 2555 2590 2743 2846 2851 2853 2973 3070 3354 3371 3545 3584 3888 3930 3998 4065 4187 4412 4515 4739 4745 4787 4994
16 409 485 981 1532 1744 1965 2038 2411 2460 3261 3295 3642 3772 3862 4118 4226 4714
19 218 371 509 521 716 788 792 894 1453 1547 1560 1806 1910 1952 1973 2124 2212 2413 2416 2620 2625 2777 2816 3043 3237 3370 3621 3623 3773 4059 4167 4186 4350 4359 4424 4587 4603 4651 4858
34 177 743 938 1134 1234 1675 2248 2358 2374 2679 2938 3169 3806 4224 4725 4815
139 170 316 339 671 1030 1223 1978 2220 2510 2572 2693 3486 4401
101 160 438 564 1915 2566 2782 3165 3597 3935 3973 4139 4528 4685 4842
127 179 1082 1219 1394 1943 2781 2784 2991 3080 4408 4623 4815 4919
432 534 789 915 1328 1884 3742 4364 4608 4806
315 861 913 919 981 1371 1721 2006 2045 2707 2708 2897 3180 3292 3606 4303 4441 4932
281 452 590 958 993 1226 1264 1433 1725 1818 1877 2157 2391 2676 2839 2907 3297 3457 3509 3563 3661 3663 3803 3981 4038 4626 4837
340 489 759 981 1220 1824 1887 1917 1918 1937 2447 2505 2573 2796 3122 3403 3449 3736 3762 3947 4055 4063 4350 4351 4425 4700 4806 4877
47 703 860 987 1304 1551 1612 1739 2136 2181 2235 2268 2393 2436 2609 2616 2854 3243 3307 3345 3507 3671 3762 3779 3801 3971 4079 4400 4639 4846 4923
386 500 904 1094 1117 1249 1422 1652 1692 1699 1719 1866 1986 2072 2507 3122 3136 3153 3588 3727 3936 4151 4157 4363 4385 4547 4804 4901
38 125 410 954 1113 1322 1580 1719 1917 2133 2242 2396 2407 2438 2503 2788 2816 2853 3457 3534 3667 3670 3701 3816 4300 4486 4650
94 257 345 790 898 980 1046 1270 1418 1451 1633 1984 2622 2727 2835 3157 3579 3698 3823 3868 3897 4065 4209 4271 4468 4887
243 525 531 1112 1516 1650 1675 1960 3006 3033 3592 3661 4404
57 116 490 943 996 1941 2065 2372 2502 2996 3203 3592 4262
191 510 981 1329 1387 1712 2091 2155 2796 3082 3584 3928 4072 4188 4389 4496 4531 4558
49 104 178 267 379 596 1197 1330 1498 1615 1755 2228 2308 2650 2685 3114 3292 3502 3605 3933 3948 4111 4172 4228 4241 4402 4557 4623 4657 4675 4716 4722
163 270 437 496 668 759 836 974 1169 1339 1375 1500 1709 2442 2457 2496 2561 2603 2720 2737 2765 2823 2833 3037 3378 3467 3546 3579 3617 3682 3694 3891 4284 4361 4376 4497 4506 4646 4831
286 483 792 1076 1374 1500 2254 2564 2702 2824 3651
64 80 112 132 211 222 275 684 1395 1439 1516 1827 1991 2032 2153 2201 2227 2404 2611 2613 2688 3236 3337 3496 3727 3864 3917 3925 4112 4129 4440 4556 4780 4817 4966
554 809 830 943 986 1112 1133 1603 1640 1765 1883 2035 2221 2604 3462 3699 3805 3882 3884 4009 4068 4403 4866
59 151 245 911 1132 1276 2108 2531 2669 2703 2745 3376 3729 3880 3914 4245 4387 4526 4750 4794
454 706 709 908 1041 1093 1754 1876 2043 2428 2538 2725 2978 3099 3123 3262 3482 3488 3620 3659 3677 3755 3895 3967 4021 4149 4328 4479 4555 4610 4684 4808 4821 4823 4919 4985
716 1623 1734 2545 2603 2649 2676 2781 3034 3104 3544 3672 3980 4484
59 172 392 488 633 1273 2467 2505 2799 3335 3379 3767 3880 4088 4169 4463 4635 4667 4690 4887
88 141 163 345 408 763 867 1206 1229 1253 1289 1305 1329 1347 1362 1607 1611 1757 2031 2124 2131 2241 2365 2435 2516 2528 2639 2701 2706 2792 2970 3226 3493 3800 3922 4223 4234 4340 4452 4520 4544 4549 4564 4624 4631 4647 4681 4886 4924 4975
421 485 553 1141 1200 1267 1392 1471 1502 1782 2151 2237 2298 2361 2395 2518 3358 3498 3860 4278 4317 4347 4416 4571 4894
56 204 258 412 552 603 716 1295 2058 2078 2081 2205 2612 2855 2868 3010 3012 3587 3603 3812 3973 4038 4051 4148 4262 4435 4467 4807 4972
46 95 326 888 1445 1802 2080 3414 3678 4450
92 1191 1571 1828 2049 2086 2147 2562 2716 2736 2807 3035 3080 3108 3995 4571 4672 4708
34 177 258 278 449 478 638 1698 1968 2315 2408 3188 3250 4655 4797 4932 4985
1149 1720 2260 2265 2471 2864 2888 3011 3102 3324 3346 3505 3572 4400 4489 4976
5 121 178 207 210 454 567 583 1139 1205 1271 1385 1784 1918 1932 2036 2220 2400 2433 2447 2518 2521 2792 2898 3194 3279 3387 3549 3958 3967 4496 4512 4616 4678 4843 4855
269 368 451 554 1057 1442 1860 2508 2893 3102 3358 3507 3609 3655 3699 3742 3823 3864 4035 4054 4328 4756 4835
215 369 377 551 922 1015 1536 1656 2308 2673 2935 3286 3439 3830 3848 4193 4241 4498 4559 4737 4772 4861
514 560 643 1060 1123 1644 2059 2299 2807 2961 3077 3135 3244 3413 3825 4172 4428 4842 4933
102 523 676 787 1176 1222 1551 1759 2218 2224 3028 3330 3442 3638 4153 4188 4348 4779
375 418 1444 1767 1944 1963 1991 2075 2469 2529 2659 2715 2853 2867 2898 3043 3132 3162 3222 3223 3228 3246 3407 3471 3488 3551 3765 3780 4060 4300 4397 4472 4769 4824 4825 4832 4866 4949
233 529 560 897 926 950 1124 1274 1458 1662 1973 2329 2394 2689 2690 2757 2821 3032 3197 3270 3278 3290 3320 3652 3765 3864 3906 4020 4126 4442 4617 4658 4757 4937
49 267 337 783 1155 1408 1465 1665 1863 1942 2300 2388 3038 3062 3116 3273 3410 3714 3766 3859 3918 3928 3938 3951 4111 4120 4134 4402 4420 4430 4454 4723
796 844 990 1091 1258 1425 1526 1684 1702 1961 1988 2448 2664 2840 2980 3092 3244 3542 3598 3669 3797 3917 4324 4579 4690 4711 4810 4846 4858
193 234 266 329 356 432 545 687 815 1023 1041 1058 1245 1292 1303 1352 1514 1706 1897 2135 2337 2466 2520 2584 2603 2669 2706 2743 2792 2794 2901 2960 3021 3161 3359 3475 3500 3525 3534 3957 3999 4361 4576 4806 4809 4814 4842 4898 4922 4924
248 362 484 694 841 870 887 1474 1606 1623 1645 1720 1775 1885 1951 2059 2216 2380 2410 2813 3192 3666 3667 3807 4089 4320 4478 4563 4614 4636
109 273 439 517 1028 1253 1789 1918 3018 3538 4241 4557 4582 4661 4842
70 458 546 913 1025 1141 1674 1904 2386 2888 2922 3499 4509
80 842 844 1175 1248 1589 1955 2121 2151 2604 2762 3174 3410 3418 3471 3843 3881 3909 3911 3953 3961 4255 4278 4346 4717
109 119 124 195 295 569 710 727 855 996 1287 1692 2130 2333 2393 2468 2574 2881 2896 3138 3492 3675 3767 3977 4096 4112 4450 4507 4522 4604 4668 4702 4782 4798 4911 4916
213 221 267 337 874 982 1003 1560 1822 1853 2564 2888 3244 3297 3301 3414 3433 3469 3541 3555 3913 4003 4105 4189 4205 4250 4269 4511 4518 4615 4645 4661 4717 4977
39 327 606 692 1136 1753 2203 2813 4852 4964 4985
615 969 989 1723 1993 2367 2804 3744 4274 4473
147 394 661 744 833 1029 1082 1083 1553 1621 1760 1780 1954 2195 2473 2749 2791 2983 3176 4064 4683 4762 4870 4970
69 255 296 760 1405 1475 2072 2195 2302 2702 2728 2807 2820 2882 2919 2931 2961 3028 3122 3164 3198 3235 3978 4182 4259 4298 4685 4697
279 324 396 656 706 901 927 941 1069 1271 1327 1643 1686 1731 1799 2043 2101 2313 2335 2752 2800 3027 3346 3349 3473 3822 3878 3909 4096 4112 4130 4606 4805 4819 4864 4865
4 152 185 241 329 1318 1467 1708 1792 1815 2142 3819 4296 4301 4678 4835
114 440 690 1022 1175 1648 1752 1760 2173 2220 2310 2322 2486 2604 2962 3270 3471 3934 4092 4098 4120 4598 4669 4872 4996
188 446 591 859 1011 1218 1419 2860 3879 4778 4877
6 17 107 303 577 1268 1296 1770 1983 2044 2936 3047 3126 3222 3280 3941 3985 4057 4579 4735
58 254 426 471 913 1095 1162 1220 1238 1240 1270 1483 1736 1829 1895 1975 2032 2083 2277 2308 2359 2666 2683 2832 3211 3320 3388 3478 3692 3789 3853 4166 4231 4427 4563 4634 4692 4704 4765 4873
114 168 415 431 544 1168 1415 2479 2513 2567 2603 2643 2938 3324 4464 4559
498 732 743 878 1673 2079 2519 2826 3330 3352 3857 4444 4582 4600 4681
445 486 786 826 829 993 1050 1110 1245 1292 1433 1514 1612 1817 1852 1885 2066 2084 2085 2135 2255 2325 2328 2380 2686 2800 2852 2974 3053 3079 3112 3124 3229 3273 3469 3514 3597 3616 3882 4203 4330 4369 4408 4448 4632 4708 4736 4946 4969
180 239 306 344 1715 2047 2462 2560 2641 3182 3935 3956 4629
232 431 1884 1977 2167 2234 2266 2269 2851 2949 2964 3154 3385 3631 4018 4807
36 284 311 457 844 849 935 1905 2614 2661 2706 2732 2824 2867 2879 3076 3284 3452 3572 3599 3688 3703 3718 3754 3796 4100 4260 4301 4356 4395 4401 4515 4693 4929 4958
167 330 379 568 649 651 1028 1325 1361 1405 1693 1972 2412 2438 2474 2665 2761 2962 3337 3352 3353 3562 3652 3921 4188 4191 4326 4505 4614 4627 4796 4809 4857
34 58 254 890 1041 1067 1316 1449 1865 1875 1886 1976 2005 2076 2108 2255 2401 2421 2480 2611 2615 2732 2835 2854 2871 3076 3210 3322 3721 3896 3933 4114 4211 4222 4290 4480 4706 4802 4930 5000
138 220 321 487 1474 1480 1782 1796 1869 1882 1890 2382 2950 3443 3869 4475 4583 4681 4750 4799
215 704 822 1009 1071 1964 1993 2042 2436 2752 2796 2852 2872 3386 3530 3672 3720 4603 4629 4795 4822 4922
114 138 1217 2013 2697 2830 3101 3314 3370 3412 3449 3532 3548 3992 4289 4964
21 83 206 433 970 1349 1487 1562 1902 3205 4965
147 249 284 455 776 1617 1916 1965 2225 2557 3029 3491
89 362 561 569 582 630 691 1089 1984 2357 2841 3356 3383 3728 3960 4083 4249 4266 4824 4862
37 131 273 853 1384 1940 2013 2185 2969 3273 4352 4663
120 153 294 301 592 725 986 1249 1485 1600 1973 2040 2201 2203 2854 3151 3169 3236 3243 3602 3655 3764 3961 4471 4630 4914
786 1536 1588 1824 1901 1956 2335 2336 2357 2377 2547 2767 2794 2826 3120 3143 3197 3410 3446 3685 3962 4070 4117 4169 4479 4585 4593 4743 4796 4797 4808 4844 4942
221 626 818 876 1288 1401 1458 1665 1854 2224 2521 2690 2692 2732 2883 2927 3514 3722 3782 3877 3913 3993 4004 4285 4372 4399 4633 4643 4774 4859 4916 4937 4943 4944
15 713 838 1009 2459 2500 2646 2738 2756 2896 2956 2991 3001 3427 3628 4101 4239 4589 4591 4604 4728 4737
503 1313 1587 1658 1839 2577 3746 4072 4107 4189 4478
219 986 1035 1481 1781 2023 2058 2248 2339 2530 2716 2719 2902 2992 3012 3060 3507 3614 3633 3637 3703 3932 4051 4058 4639 4735 4846 4889 4916 4939 4941
743 1449 1793 1835 2099 2601 2791 3119 3193 3806 4326 4444 4494 4537 4695 4739 4797
50 114 953 959 1588 1859 2068 2123 2639 2709 3003 3387 3866 4184 4195 4354
80 128 554 647 693 886 941 1066 1068 1227 1291 1454 1540 1709 1735 1752 1787 1828 1834 2095 2204 2530 2544 2555 2803 2867 2931 3019 3092 3206 3276 3329 3423 3425 3447 3797 3847 4121 4123 4131 4771 4806 4850 4881 4950 4963 4967 4980
89 392 395 1027 1984 2023 2724 2974 2987 3114 3163 3573 3761 4083 4545 4709 4732 4799 4824 4938
358 380 748 991 1228 1638 1661 2188 3762 4847 4963
927 1139 1196 1260 1407 2172 2597 2948 3764 4708 4712 4790 4803
36 149 346 382 506 1159 1582 1785 1993 2003 2049 2225 2305 2465 2576 2610 2855 3372 3561 3760 4328 4456 4509
290 866 891 1119 1365 1470 1742 2222 2700 2753 2933 2951 3539 4234
1 430 592 1181 1335 1643 1850 3828 4109 4217 4380 4569 4933
284 356 688 759 890 1221 1365 1645 1648 2217 2298 2358 2771 2860 2919 3066 3187 3588 3777 3981 4204 4280 4393 4510 4865
228 430 631 741 922 1486 1610 2338 2490 3334 3568 4833 4891
120 218 680 710 1179 1220 1247 1255 1296 1389 1465 1478 1567 1708 1724 1883 1987 2122 2143 2185 2222 2325 2383 2535 2568 2871 3074 3410 3579 3614 3842 4195 4392 4406 4450 4456 4480 4554 4839 4913 4945 4994
611 843 1111 1190 1251 1598 1624 2216 2295 2298 2327 2444 2453 2572 2576 2661 2693 2742 3023 3057 3090 3146 3191 3517 3917 3931 3947 4081 4572
112 307 311 611 624 681 721 788 959 1022 1105 1195 1369 1579 1589 1590 1649 1752 2003 2058 2117 2485 2535 2551 2819 2892 3123 3186 3360 3512 3743 3760 3800 3878 3926 4001 4229 4347 4373 4484 4518 4662 4675 4793 4857 4888 4889
24 452 488 538 629 697 752 769 1135 1369 1512 1717 1797 1800 1851 1874 1878 2014 2033 2416 2427 2504 2602 2746 2749 2800 2868 3094 3099 3154 3315 3320 3394 3427 3448 3514 3628 3693 4237 4389 4476 4649 4733 4828 4861 4899 4921 4969 4993
23 114 683 807 822 947 1389 1614 1959 1985 2242 2524 2933 3101 3242 4749
121 367 468 1523 1588 1813 1944 2323 2326 2788 4023
123 588 652 663 967 1998 2130 2637 2644 2696 2791 3222 3740 4589 4770 4801
77 777 881 1061 1336 1534 1569 1618 1681 2361 2396 2631 2768 2862 2868 3059 3064 3095 3122 3168 3291 3578 3653 3718 3898 4457 4794 4901
20 587 601 1009 1517 1782 2041 2161 2231 2277 2394 2806 2832 2852 3137 3301 3331 3374 3720 3989 4103 4944
65 88 1098 1163 1222 1280 1943 3355 4035 4087 4597 4617 4669
109 158 230 738 933 1085 1214 1386 1451 1846 2388 2966 3029 3037 3150 3221 3255 3579 3604 3695 4011 4108 4221 4234 4346 4547 4614 4636 4787 4913
80 432 496 525 1059 1494 1876 2124 2157 2301 2371 2660 2732 3087 3423 3469 3559 3580 3628 3677 3782 4025 4052 4061 4081 4179 4374 4513 4594 4624 4646 4667 4788 4943
1190 1424 1993 2083 2093 2699 2734 3504 3577 4957
316 589 672 726 1037 1223 1313 1321 1331 1460 1909 2077 2251 2296 2335 2445 2493 2566 2638 3120 3298 3302 3441 3653 3682 3891 3914 4617 4762 4837 4859 4909 4922
239 251 657 1880 2598 2773 2965 3327 3499 3644 3730 4155 4987
288 535 686 1114 1164 1425 1456 1982 2166 2257 2288 2594 3178 3439 3571 3700 4102 4378 4906
46 334 547 1077 1202 1819 1870 2258 2301 3259 3704 4542 4650 4818
458 1112 1167 1198 1429 1649 2348 2418 2721 3060 3207 4064
257 289 507 549 972 1075 2012 2102 2371 2645 3010 3175 3240 3350 3521 3717 3820 3871 3879 4533 4575
600 929 1001 1390 1537 1762 3711 4131 4722 4759
156 498 648 656 1062 1739 1767 1794 2117 2526 2552 3496 3574 4269 4434
5 431 590 692 774 954 1091 1113 1247 1257 1656 1719 1773 1793 1983 2616 2839 3457 3634 3663 3667 3981 4146 4385 4470 4650 4962
1 157 418 581 881 1436 1611 2065 2162 2496 2600 2697 2710 2936 3014 3244 3247 3397 3415 3470 3601 3617 3643 3797 4034 4065 4104 4139 4151 4258 4340 4343 4415 4559 4592 4621 4644 4743
98 430 573 677 756 951 1544 1596 2183 2238 2533 2698 2993 3116 3155 3174 3232 3311 3528 3536 3671 3675 3814 3843 3995 4433 4484 4573 4700 4703 4749 4865
432 723 736 786 940 996 1029 1133 1192 1500 1573 1613 1805 2200 2547 2730 2977 3116 3265 3294 3625 4013 4069 4221 4394 4403 4497 4656 4699 4766 4773 4808 4961
393 635 1025 1337 1678 1689 2193 2540 2994 3219 3238 3366 3496 4582 4904
34 378 1330 1769 1971 2173 2244 2290 2911 3037 3275 3566 3594 3965 4365 4538 4696
264 301 393 661 670 755 1034 1278 1628 1728 1782 1790 2034 2855 2987 3159 3392 3464 3602 3656 4002 4504 4652 4754
26 296 310 732 844 881 942 1043 1107 1300 1359 1665 2022 2242 2292 2516 2553 2750 3054 3177 3217 3263 3568 3579 3666 3678 3726 3733 3755 3988 4006 4104 4145 4214 4363 4525 4701 4847
53 163 226 295 418 538 573 1079 1087 1324 1393 1485 1781 1811 1957 2174 2268 2367 2426 2535 2716 3107 3161 3269 3758 3938 4130 4163 4210 4430 4586 4833
130 183 207 426 560 714 985 1131 1321 1612 1674 1721 1729 1767 1771 1788 1930 2028 2104 2377 2391 2592 2594 2668 2904 2939 3203 3367 3437 4291 4422 4459 4528 4640 4853 4959 4995
110 317 336 1139 1334 1493 1511 1522 2340 2372 2538 2661 2929 3113 3136 3303 3437 3505 3863 4522 4862
123 567 799 904 1072 1271 1355 2168 2313 2543 2729 2734 2827 3148 3406 3430 3468 3684 3939 3973 4096 4112 4183 4229 4266 4289 4325 4581 4613 4618 4644 4697 4854 4876 4933 4937
242 265 515 902 956 1283 1424 1476 1560 1588 2274 2327 2346 2463 2831 2862 3098 3212 3239 3244 3262 3784 3995 4086 4318 4323 4649 4822 4858
294 783 978 1447 1505 2734 4274 4740 4796 4839
588 598 744 754 1310 1473 1760 1831 1912 2033 2057 2240 2251 2324 3161 3200 3201 3268 3310 3652 3735 3860 3913 3944 4075 4119 4267 4281 4405 4508 4548 4660 4789 4830
295 492 962 982 1097 1170 1262 1368 1434 1824 1986 2056 2253 2317 2339 2814 2817 2971 3484 3500 3589 3858 3949 4037 4084 4232 4306 4513 4549 4646 4713 4763 4841 4943
45 419 637 660 822 921 1139 1430 1599 1756 1826 2198 2322 2436 2535 2617 2759 2988 3061 3424 3710 3947 4048 4049 4106 4541 4609 4685
171 210 417 482 981 1189 1292 1369 1564 1572 1593 1610 1619 1659 1688 1851 1919 2182 2307 2347 2615 2620 2759 2868 2869 2928 2986 3216 3249 3435 3493 3713 3719 3815 4206 4299 4379 4385 4436 4577 4601 4633 4649 4721 4885 4902 4918 4940 4941 4980
482 517 927 1045 1066 1093 1112 1139 1743 1954 2121 2173 2437 2441 2733 2921 3026 3064 3325 3490 3616 3651 3732 3905 3953 4142 4627 4654
54 77 207 275 568 605 613 641 912 944 995 1219 1271 1312 1399 1529 1738 1828 1837 2199 2248 2270 2412 2464 2519 2647 2648 2896 2979 2999 3224 3234 3335 3626 3630 3682 3738 3746 3894 4177 4249 4296 4500 4588 4689 4714 4755 4967
332 365 745 1381 1470 2493 2774 3730 4000 4185 4635 4878 4887
147 255 282 356 589 854 933 1209 1786 2695 2812 3191 3248 3379 3629 4123 4770 4868
11 146 296 454 674 845 895 2338 4105 4492 4688 4984
190 607 693 725 1160 1614 2029 2368 2430 3402 4362 4400 4597
21 35 261 276 398 429 489 1015 1213 1735 1785 1962 1976 2071 2116 2175 2187 2189 2256 2823 2953 3071 3163 3312 3326 3489 3494 3676 3736 3810 3911 3963 4127 4321 4361 4428 4431 4536 4677
137 208 870 921 1239 1244 1375 1594 1831 1996 1999 2303 2363 2364 2388 3054 3586 3615 3791 3799 3920 3967 4108 4189 4221 4405 4532 4612 4656 4835
390 397 523 634 796 1014 1424 1455 1823 1834 1848 1961 2390 2620 2626 2739 2774 2887 3511 3723 3732 3970 4049 4054 4226 4338 4626 4694 4807
76 356 527 909 1202 1297 1514 1734 1758 1790 1842 3352 4914 4925
178 202 230 427 724 858 947 1345 1581 1778 2002 2120 2381 2600 2603 2747 2755 3011 3048 3089 3263 3456 3617 3751 3885 3896 4054 4055 4104 4117 4156 4181 4225 4315 4333 4369 4377 4926
427 525 612 879 964 1041 1367 1841 1997 2192 2221 2295 2297 2571 2591 2622 2660 2728 2772 2801 2836 2971 3147 3506 3619 4641
58 381 1306 1398 1636 1722 1809 2114 2254 2396 2572 2808 2870 2939 2992 3103 3347 3623 3857 4117 4141 4877 4936
94 372 435 456 1409 1765 2123 4345 4847 4929
308 323 481 583 834 836 926 1223 1284 1515 1591 1614 1693 1700 1705 1751 1866 1874 1987 2011 2131 2164 2370 2434 2470 2588 2654 2722 2778 2859 2870 2913 2942 3480 3865 3995 4019 4201 4743 4836 4840 4941
46 175 667 746 1256 1304 2251 3945 3974 4633
726 793 949 973 979 1302 1473 1652 1716 1840 2386 2468 2810 3139 3274 3460 3535 4770
50 279 835 1122 1133 1202 1520 1777 2656 4647
136 149 310 348 862 884 901 904 931 941 950 1000 1001 1104 1343 1366 1599 1692 1946 2414 2525 2602 2635 2954 3043 3479 3777 3838 3841 3913 4060 4103 4229 4273 4625 4867
295 407 792 1107 1108 1395 1765 1858 1970 1980 2227 2248 2411 2440 2483 2551 2864 2899 2989 3032 3241 3257 3371 3631 3747 4100 4395 4407 4440 4457 4604 4795 4843 4889 4926
411 586 1143 1147 1783 2083 2137 2430 2449 2597 2601 3663 4728
